0 0.5271362586605081 0.13153846153846155 0.1605080831408776 0.12153846153846154
1 0.37933025404157045 0.545 0.09122401847575058 0.10076923076923076
2 0.3666281755196305 0.39692307692307693 0.08660508083140878 0.07230769230769231
3 0.40415704387990764 0.2703846153846154 0.11547344110854503 0.11153846153846154
4 0.6853348729792148 0.2642307692307692 0.11662817551963048 0.14076923076923076
5 0.7049653579676675 0.41307692307692306 0.09815242494226328 0.08307692307692308
6 0.6166281755196305 0.545 0.12009237875288684 0.09
7 0.5236720554272517 0.48653846153846153 0.197459584295612 0.04846153846153846
8 0.5277136258660509 0.3719230769230769 0.19168591224018475 0.20384615384615384
9 0.46882217090069284 0.7165384615384616 0.11778290993071594 0.08076923076923077
10 0.43013856812933027 0.9203846153846154 0.1859122401847575 0.08076923076923077
11 0.609122401847575 0.7157692307692308 0.12124711316397228 0.07923076923076923
12 0.6212471131639723 0.9292307692307692 0.09930715935334873 0.08615384615384615
