0 0.5686666666666667 0.14691943127962084 0.07066666666666667 0.17535545023696683
12 0.762 0.7654028436018957 0.068 0.14691943127962084
11 0.632 0.8791469194312796 0.05333333333333334 0.08056872037914692
9 0.5646666666666667 0.8222748815165877 0.05466666666666667 0.07109004739336493
7 0.6313333333333333 0.5888625592417062 0.09733333333333333 0.06872037914691943
4 0.6293333333333333 0.31990521327014215 0.050666666666666665 0.0995260663507109
1 0.494 0.46800947867298576 0.04666666666666667 0.06872037914691943
8 0.5886666666666667 0.4028436018957346 0.06266666666666666 0.23696682464454977
6 0.7026666666666667 0.6492890995260664 0.032 0.08530805687203792
5 0.684 0.4514218009478673 0.034666666666666665 0.07819905213270142
