0 0.4644927536231884 0.13333333333333333 0.12028985507246377 0.20444444444444446
8 0.46159420289855074 0.43444444444444447 0.16376811594202897 0.32222222222222224
7 0.4681159420289855 0.7488888888888889 0.2144927536231884 0.08
6 0.5623188405797102 0.6444444444444445 0.07246376811594203 0.07555555555555556
5 0.6521739130434783 0.47888888888888886 0.057971014492753624 0.08666666666666667
4 0.5746376811594203 0.32222222222222224 0.042028985507246375 0.09777777777777778
3 0.3507246376811594 0.30666666666666664 0.04927536231884058 0.1111111111111111
2 0.26521739130434785 0.49 0.07246376811594203 0.08222222222222222
1 0.3681159420289855 0.6488888888888888 0.07246376811594203 0.08888888888888889
0 0.031159420289855074 0.52 0.03333333333333333 0.07111111111111111
10 0.11594202898550725 0.9588888888888889 0.043478260869565216 0.04666666666666667
9 0.09202898550724638 0.8533333333333334 0.03333333333333333 0.035555555555555556
8 0.03260869565217391 0.6366666666666667 0.01884057971014493 0.10444444444444445
7 0.0463768115942029 0.7144444444444444 0.05507246376811594 0.051111111111111114
