0 0.4290322580645161 0.17 0.12580645161290321 0.16
12 0.728225806451613 0.9225 0.11129032258064517 0.085
11 0.7411290322580645 0.6475 0.06612903225806452 0.115
10 0.2346774193548387 0.90875 0.09516129032258064 0.0775
9 0.3895161290322581 0.92625 0.05967741935483871 0.0975
8 0.4774193548387097 0.42375 0.17096774193548386 0.2425
7 0.5233870967741936 0.625 0.1596774193548387 0.065
6 0.5669354838709677 0.07375 0.03387096774193549 0.0725
5 0.5338709677419354 0.16875 0.06129032258064516 0.0625
4 0.5169354838709678 0.24625 0.04032258064516129 0.0575
3 0.3548387096774194 0.26875 0.04838709677419355 0.0825
2 0.3008064516129032 0.205 0.03064516129032258 0.105
1 0.2217741935483871 0.08375 0.06290322580645161 0.1075
