0 0.4957627118644068 0.12994350282485875 0.1440677966101695 0.15254237288135594
12 0.6694915254237288 0.8940677966101694 0.1271186440677966 0.11581920903954802
11 0.6461864406779662 0.655367231638418 0.09745762711864407 0.0847457627118644
9 0.4173728813559322 0.7231638418079096 0.13135593220338984 0.06779661016949153
8 0.4766949152542373 0.3064971751412429 0.2245762711864407 0.2231638418079096
7 0.4788135593220339 0.4689265536723164 0.288135593220339 0.06779661016949153
6 0.7161016949152542 0.5056497175141242 0.059322033898305086 0.0847457627118644
5 0.6716101694915254 0.3870056497175141 0.08898305084745763 0.062146892655367235
4 0.6419491525423728 0.2443502824858757 0.08050847457627118 0.11016949152542373
3 0.3453389830508475 0.2245762711864407 0.08898305084745763 0.12146892655367232
2 0.19279661016949154 0.2980225988700565 0.09745762711864407 0.03672316384180791
1 0.21822033898305085 0.3785310734463277 0.08050847457627118 0.06779661016949153
