0 0.4935483870967742 0.0988095238095238 0.08709677419354839 0.1738095238095238
11 0.49516129032258066 0.8178571428571428 0.06774193548387097 0.09285714285714286
9 0.39838709677419354 0.8035714285714286 0.07419354838709677 0.09761904761904762
8 0.46774193548387094 0.36547619047619045 0.12903225806451613 0.30714285714285716
7 0.4661290322580645 0.5952380952380952 0.2 0.09047619047619047
6 0.7774193548387097 0.275 0.08064516129032258 0.11666666666666667
5 0.6419354838709678 0.25833333333333336 0.04516129032258064 0.11190476190476191
4 0.5717741935483871 0.24285714285714285 0.05 0.12857142857142856
3 0.4112903225806452 0.22142857142857142 0.05161290322580645 0.1380952380952381
2 0.34919354838709676 0.27380952380952384 0.0467741935483871 0.1
1 0.24435483870967742 0.3261904761904762 0.08548387096774193 0.10952380952380952
