0 0.32395833333333335 0.16111111111111112 0.07291666666666667 0.12777777777777777
12 0.409375 0.8819444444444444 0.06875 0.06388888888888888
11 0.39166666666666666 0.6930555555555555 0.05416666666666667 0.06388888888888888
10 0.32708333333333334 0.8819444444444444 0.04583333333333333 0.08055555555555556
9 0.30520833333333336 0.6986111111111111 0.03958333333333333 0.06388888888888888
8 0.31979166666666664 0.34305555555555556 0.11875 0.18055555555555555
7 0.33125 0.5055555555555555 0.12916666666666668 0.06111111111111111
6 0.3875 0.4847222222222222 0.058333333333333334 0.05277777777777778
5 0.4322916666666667 0.35833333333333334 0.04375 0.07777777777777778
4 0.396875 0.2569444444444444 0.052083333333333336 0.06944444444444445
3 0.25625 0.26944444444444443 0.05416666666666667 0.08333333333333333
2 0.215625 0.3625 0.05625 0.075
1 0.26875 0.4736111111111111 0.06666666666666667 0.08611111111111111
