0 0.3877118644067797 0.1656891495601173 0.1483050847457627 0.16715542521994134
11 0.7139830508474576 0.7199413489736071 0.09745762711864407 0.10850439882697947
9 0.809322033898305 0.9354838709677419 0.1016949152542373 0.08797653958944282
9 0.5953389830508474 0.7609970674486803 0.09745762711864407 0.0967741935483871
8 0.4555084745762712 0.34310850439882695 0.2923728813559322 0.15249266862170088
7 0.5042372881355932 0.49560117302052786 0.3050847457627119 0.06451612903225806
6 0.7542372881355932 0.532258064516129 0.0847457627118644 0.07331378299120235
5 0.722457627118644 0.3548387096774194 0.08898305084745763 0.08797653958944282
4 0.6165254237288136 0.25513196480938416 0.0635593220338983 0.15835777126099707
3 0.2627118644067797 0.27419354838709675 0.07627118644067797 0.11436950146627566
2 0.2330508474576271 0.4237536656891496 0.07627118644067797 0.07917888563049853
1 0.2838983050847458 0.5542521994134897 0.09322033898305085 0.10557184750733138
