0 0.5563524590163934 0.17926421404682275 0.14959016393442623 0.1725752508361204
12 0.5087090163934426 0.9391304347826087 0.060450819672131145 0.09498327759197324
11 0.5604508196721312 0.7377926421404682 0.07172131147540983 0.10167224080267559
9 0.47438524590163933 0.7387959866220736 0.06557377049180328 0.05819397993311037
8 0.5568647540983607 0.3869565217391304 0.19364754098360656 0.19866220735785953
7 0.5584016393442623 0.5297658862876254 0.2520491803278688 0.07090301003344482
6 0.7587090163934426 0.48762541806020065 0.05430327868852459 0.07759197324414716
5 0.8201844262295082 0.39665551839464885 0.05635245901639344 0.05351170568561873
4 0.7418032786885246 0.31438127090301005 0.06762295081967214 0.07224080267558529
3 0.4462090163934426 0.3040133779264214 0.06864754098360656 0.09297658862876254
2 0.33350409836065575 0.33043478260869563 0.039959016393442626 0.06956521739130435
1 0.2766393442622951 0.2120401337792642 0.07581967213114754 0.0802675585284281
