0 0.5535714285714286 0.13095238095238096 0.11857142857142858 0.22380952380952382
11 0.6114285714285714 0.9476190476190476 0.12285714285714286 0.04285714285714286
11 0.6728571428571428 0.8214285714285714 0.08571428571428572 0.08095238095238096
10 0.2757142857142857 0.944047619047619 0.15142857142857144 0.07380952380952381
9 0.31357142857142856 0.780952380952381 0.08714285714285715 0.09047619047619047
8 0.555 0.5333333333333333 0.21857142857142858 0.4142857142857143
7 0.565 0.75 0.25285714285714284 0.05238095238095238
6 0.8107142857142857 0.5952380952380952 0.07571428571428572 0.14285714285714285
5 0.7542857142857143 0.4845238095238095 0.08571428571428572 0.05952380952380952
4 0.6821428571428572 0.3476190476190476 0.07571428571428572 0.14761904761904762
3 0.4064285714285714 0.3678571428571429 0.07 0.1261904761904762
2 0.315 0.5202380952380953 0.06428571428571428 0.11190476190476191
1 0.20357142857142857 0.569047619047619 0.10714285714285714 0.1380952380952381
