0 0.36532258064516127 0.19047619047619047 0.10806451612903226 0.17142857142857143
12 0.6306451612903226 0.7642857142857142 0.1064516129032258 0.10952380952380952
11 0.47661290322580646 0.6464285714285715 0.05 0.09761904761904762
10 0.4959677419354839 0.9238095238095239 0.11451612903225807 0.0761904761904762
9 0.41854838709677417 0.7202380952380952 0.08548387096774193 0.06904761904761905
8 0.2903225806451613 0.3964285714285714 0.1 0.26904761904761904
7 0.3282258064516129 0.5785714285714286 0.1435483870967742 0.06666666666666667
3 0.34274193548387094 0.30238095238095236 0.05 0.09047619047619047
2 0.4056451612903226 0.3607142857142857 0.04032258064516129 0.07857142857142857
1 0.5016129032258064 0.39285714285714285 0.05161290322580645 0.07142857142857142
