0 0.5306004618937644 0.11402877697841726 0.10739030023094688 0.11294964028776978
12 0.6628175519630485 0.7960431654676259 0.07852193995381063 0.11726618705035971
11 0.640877598152425 0.6172661870503597 0.09006928406466513 0.06618705035971223
9 0.4168591224018476 0.6057553956834533 0.09699769053117784 0.05611510791366906
8 0.5184757505773672 0.2672661870503597 0.20785219399538107 0.19640287769784173
7 0.5086605080831409 0.3906474820143885 0.27136258660508084 0.06762589928057554
6 0.7355658198614319 0.34532374100719426 0.07852193995381063 0.06618705035971223
4 0.6766743648960739 0.19784172661870503 0.08775981524249422 0.09352517985611511
3 0.39145496535796764 0.1985611510791367 0.08545034642032333 0.07625899280575539
2 0.29272517321016167 0.26834532374100717 0.07274826789838337 0.051798561151079135
1 0.3406466512702079 0.3410071942446043 0.08083140877598152 0.05755395683453238
