0 0.4693572496263079 0.1923828125 0.14050822122571002 0.173828125
11 0.7869955156950673 0.708984375 0.09118086696562033 0.1171875
9 0.6472346786248132 0.70654296875 0.13153961136023917 0.0810546875
8 0.4992526158445441 0.400390625 0.25411061285500747 0.173828125
7 0.5142002989536621 0.5283203125 0.29596412556053814 0.037109375
6 0.7518684603886397 0.46484375 0.08370702541106129 0.078125
5 0.772795216741405 0.369140625 0.08370702541106129 0.0859375
4 0.6494768310911808 0.2822265625 0.11808669656203288 0.1171875
3 0.34902840059790735 0.3173828125 0.09417040358744394 0.107421875
2 0.18834080717488788 0.3984375 0.08370702541106129 0.08203125
1 0.2862481315396114 0.54541015625 0.09715994020926756 0.1005859375
