0 0.2782051282051282 0.09711538461538462 0.08205128205128205 0.14423076923076922
12 0.3416666666666667 0.8211538461538461 0.03974358974358974 0.1
11 0.3192307692307692 0.6057692307692307 0.05641025641025641 0.09230769230769231
10 0.28525641025641024 0.8721153846153846 0.057692307692307696 0.04807692307692308
9 0.26282051282051283 0.6692307692307692 0.05128205128205128 0.08461538461538462
8 0.2967948717948718 0.2971153846153846 0.09871794871794871 0.20192307692307693
7 0.3262820512820513 0.4269230769230769 0.1141025641025641 0.06538461538461539
6 0.3974358974358974 0.4913461538461538 0.046153846153846156 0.11346153846153846
5 0.3923076923076923 0.3346153846153846 0.046153846153846156 0.09615384615384616
4 0.3557692307692308 0.2221153846153846 0.06538461538461539 0.12884615384615383
3 0.23333333333333334 0.23365384615384616 0.0641025641025641 0.08653846153846154
2 0.1955128205128205 0.3298076923076923 0.03717948717948718 0.07884615384615384
1 0.16602564102564102 0.3701923076923077 0.029487179487179487 0.09423076923076923
12 0.6384615384615384 0.9413461538461538 0.1282051282051282 0.09807692307692308
11 0.6467948717948718 0.6307692307692307 0.07564102564102564 0.11538461538461539
9 0.9474358974358974 0.6701923076923076 0.07179487179487179 0.12115384615384615
