0 0.4398148148148148 0.07111111111111111 0.06481481481481481 0.12444444444444444
12 0.6546296296296297 0.9496296296296296 0.07222222222222222 0.09481481481481481
11 0.575462962962963 0.6940740740740741 0.06388888888888888 0.0962962962962963
9 0.5435185185185185 0.7496296296296296 0.03888888888888889 0.08
8 0.48657407407407405 0.32814814814814813 0.11944444444444445 0.22666666666666666
7 0.5453703703703704 0.5251851851851852 0.14814814814814814 0.08148148148148149
6 0.7060185185185185 0.37333333333333335 0.0787037037037037 0.10962962962962963
5 0.600462962962963 0.26222222222222225 0.04722222222222222 0.09185185185185185
4 0.5231481481481481 0.1874074074074074 0.06666666666666667 0.1437037037037037
3 0.41759259259259257 0.2614814814814815 0.04259259259259259 0.13185185185185186
2 0.3976851851851852 0.4103703703703704 0.049074074074074076 0.08888888888888889
1 0.2814814814814815 0.3837037037037037 0.05 0.07407407407407407
