0 0.6050119331742243 0.15791666666666668 0.10501193317422435 0.15916666666666668
12 0.7708830548926014 0.9166666666666666 0.08353221957040573 0.08166666666666667
11 0.7416467780429594 0.6841666666666667 0.07756563245823389 0.1
10 0.4498806682577566 0.8283333333333334 0.07159904534606205 0.13666666666666666
9 0.5155131264916468 0.6791666666666667 0.059665871121718374 0.11333333333333333
8 0.6294749403341289 0.32916666666666666 0.21360381861575178 0.19833333333333333
7 0.6264916467780429 0.44625 0.27923627684964203 0.06916666666666667
4 0.7678997613365155 0.27666666666666667 0.07995226730310262 0.12833333333333333
3 0.48031026252983294 0.255 0.07756563245823389 0.08833333333333333
2 0.3418854415274463 0.25625 0.060859188544152745 0.0725
1 0.1581145584725537 0.23291666666666666 0.10859188544152745 0.07083333333333333
0 0.6007462686567164 0.19925742574257427 0.12686567164179105 0.16584158415841585
0 0.09235074626865672 0.13056930693069307 0.14738805970149255 0.13985148514851486
12 0.933768656716418 0.8991336633663366 0.11753731343283583 0.14975247524752475
11 0.7817164179104478 0.7011138613861386 0.09328358208955224 0.10767326732673267
10 0.6875 0.8137376237623762 0.06902985074626866 0.1373762376237624
9 0.5904850746268657 0.7462871287128713 0.08022388059701492 0.10148514851485149
8 0.5699626865671642 0.3688118811881188 0.14738805970149255 0.16831683168316833
7 0.5541044776119403 0.4709158415841584 0.22761194029850745 0.038366336633663366
6 0.7014925373134329 0.5030940594059405 0.11567164179104478 0.05816831683168317
5 0.8666044776119403 0.41707920792079206 0.09888059701492537 0.10396039603960396
4 0.710820895522388 0.3125 0.10820895522388059 0.12004950495049505
3 0.4505597014925373 0.25866336633663367 0.08768656716417911 0.08415841584158416
1 0.24347014925373134 0.36386138613861385 0.07276119402985075 0.06930693069306931
11 0.1912313432835821 0.635519801980198 0.11380597014925373 0.11262376237623763
12 0.20708955223880596 0.8533415841584159 0.208955223880597 0.12747524752475248
1 0.23507462686567165 0.15717821782178218 0.09701492537313433 0.09405940594059406
2 0.0708955223880597 0.29207920792079206 0.07462686567164178 0.08415841584158416
