0 0.5014005602240896 0.203 0.14565826330532214 0.138
11 0.5868347338935574 0.766 0.09243697478991597 0.096
9 0.44397759103641454 0.706 0.08123249299719888 0.088
5 0.6666666666666666 0.431 0.0392156862745098 0.102
3 0.4103641456582633 0.312 0.06442577030812324 0.104
2 0.5014005602240896 0.382 0.056022408963585436 0.088
1 0.6680672268907563 0.274 0.09243697478991597 0.076
6 0.9201680672268907 0.149 0.11484593837535013 0.082
5 0.7478991596638656 0.135 0.07282913165266107 0.106
4 0.6218487394957983 0.133 0.07282913165266107 0.114
3 0.3641456582633053 0.154 0.0784313725490196 0.124
2 0.31512605042016806 0.266 0.07563025210084033 0.108
1 0.29971988795518206 0.421 0.056022408963585436 0.082
