0 0.34980237154150196 0.16710526315789473 0.1225296442687747 0.14210526315789473
12 0.741106719367589 0.8335526315789473 0.16205533596837945 0.13289473684210526
11 0.6057312252964426 0.6118421052631579 0.07312252964426877 0.09210526315789473
10 0.5158102766798419 0.8407894736842105 0.1422924901185771 0.11842105263157894
9 0.4160079051383399 0.6098684210526316 0.08893280632411067 0.11973684210526316
5 0.5306324110671937 0.33223684210526316 0.045454545454545456 0.08026315789473684
4 0.44861660079051385 0.27828947368421053 0.06719367588932806 0.1355263157894737
3 0.24308300395256918 0.30986842105263157 0.09486166007905138 0.13026315789473683
2 0.30434782608695654 0.4118421052631579 0.05928853754940711 0.09736842105263158
1 0.44960474308300397 0.42697368421052634 0.1007905138339921 0.09868421052631579
