0 0.9274725274725275 0.4017323775388292 0.060073260073260075 0.06989247311827956
12 0.31245421245421245 0.7043010752688172 0.17509157509157508 0.11827956989247312
11 0.38278388278388276 0.548984468339307 0.09010989010989011 0.07885304659498207
10 0.8304029304029305 0.8428912783751493 0.07692307692307693 0.13620071684587814
9 0.5904761904761905 0.7228195937873357 0.09230769230769231 0.07765830346475508
5 0.5380952380952381 0.229689366786141 0.05347985347985348 0.10692951015531661
6 0.4501831501831502 0.11857825567502987 0.0945054945054945 0.06989247311827956
3 0.3838827838827839 0.30077658303464755 0.07912087912087912 0.0937873357228196
1 0.28827838827838825 0.3183990442054958 0.060805860805860805 0.06810035842293907
1 0.21245421245421245 0.20698924731182797 0.10402930402930403 0.08422939068100359
