1 0.2125 0.21348314606741572 0.075 0.09438202247191012
0 0.49166666666666664 0.11910112359550562 0.06944444444444445 0.1258426966292135
12 0.5777777777777777 0.9146067415730337 0.1 0.10786516853932585
11 0.5666666666666667 0.6842696629213483 0.06666666666666667 0.09213483146067415
10 0.3736111111111111 0.9292134831460674 0.06666666666666667 0.09213483146067415
9 0.40625 0.7213483146067415 0.05694444444444444 0.08089887640449438
8 0.4722222222222222 0.3382022471910112 0.075 0.20449438202247192
7 0.4618055555555556 0.4640449438202247 0.10972222222222222 0.08764044943820225
6 0.7319444444444444 0.1146067415730337 0.05277777777777778 0.10337078651685393
5 0.6180555555555556 0.19662921348314608 0.058333333333333334 0.060674157303370786
4 0.5333333333333333 0.2258426966292135 0.06944444444444445 0.07865168539325842
3 0.41805555555555557 0.23146067415730337 0.06944444444444445 0.0898876404494382
2 0.33819444444444446 0.25280898876404495 0.0625 0.10112359550561797
