0 0.3649155722326454 0.1802841918294849 0.150093808630394 0.1343990526939017
1 0.17636022514071295 0.5432208407341622 0.0675422138836773 0.11308466548253404
2 0.19136960600375236 0.4043812907045589 0.07879924953095685 0.08407341622261694
3 0.2270168855534709 0.30076968620485495 0.11069418386491557 0.10657193605683836
4 0.4812382739212008 0.29336885731201895 0.10131332082551595 0.12492599171107165
5 0.4915572232645403 0.42421551213735936 0.0825515947467167 0.05979869745411486
6 0.50093808630394 0.5515097690941385 0.0675422138836773 0.0941385435168739
7 0.33114446529080677 0.47217288336293667 0.21200750469043153 0.04203670811130847
8 0.34803001876172607 0.3679692125518058 0.1726078799249531 0.18294849023090587
9 0.2598499061913696 0.6622261693309651 0.11819887429643527 0.06927175843694494
10 0.24108818011257035 0.8451746595618709 0.12570356472795496 0.08584961515689757
11 0.3883677298311445 0.6696269982238011 0.10318949343339587 0.07104795737122557
12 0.3921200750469043 0.8345174659561871 0.13696060037523453 0.10005920663114269
