1 0.3552769070010449 0.4623076923076923 0.07523510971786834 0.06461538461538462
0 0.48119122257053293 0.10153846153846154 0.1536050156739812 0.12
2 0.30355276907001044 0.3292307692307692 0.09508881922675026 0.09230769230769231
3 0.34743991640543365 0.22115384615384615 0.10553814002089865 0.11307692307692307
4 0.6327063740856844 0.20923076923076922 0.12852664576802508 0.1276923076923077
5 0.7288401253918495 0.3223076923076923 0.109717868338558 0.13384615384615384
7 0.46760710553814 0.42923076923076925 0.19122257053291536 0.043076923076923075
8 0.455067920585162 0.29423076923076924 0.15987460815047022 0.17153846153846153
9 0.3213166144200627 0.6703846153846154 0.12434691745036573 0.10846153846153846
10 0.2413793103448276 0.9234615384615384 0.2277951933124347 0.07461538461538461
11 0.5370950888192267 0.6792307692307692 0.13375130616509928 0.11692307692307692
12 0.5104493207941484 0.921923076923077 0.10762800417972831 0.10384615384615385
6 0.5694879832810867 0.45576923076923076 0.11076280041797283 0.10076923076923076
