9 0.4666666666666667 0.6142410015649452 0.058333333333333334 0.10485133020344288
10 0.3359375 0.7425665101721439 0.06770833333333333 0.10485133020344288
12 0.8421875 0.8302034428794992 0.06979166666666667 0.15179968701095461
11 0.709375 0.6776212832550861 0.075 0.10328638497652583
8 0.5786458333333333 0.40219092331768386 0.08854166666666667 0.1596244131455399
6 0.6520833333333333 0.47339593114241 0.03958333333333333 0.07668231611893583
5 0.6953125 0.36071987480438183 0.040625 0.07981220657276995
4 0.6463541666666667 0.32003129890453835 0.046875 0.107981220657277
3 0.5104166666666666 0.297339593114241 0.0375 0.09702660406885759
2 0.4510416666666667 0.37089201877934275 0.0375 0.08450704225352113
1 0.36041666666666666 0.41471048513302033 0.04791666666666667 0.0594679186228482
