1 0.24615384615384617 0.08083140877598152 0.03538461538461538 0.07852193995381063
0 0.31961538461538463 0.2528868360277136 0.04692307692307692 0.10854503464203233
0 0.555 0.33140877598152424 0.040769230769230766 0.03926096997690531
0 0.8076923076923077 0.3123556581986143 0.02923076923076923 0.061200923787528866
0 0.8861538461538462 0.2644341801385681 0.03538461538461538 0.08775981524249422
0 0.40192307692307694 0.355080831408776 0.03307692307692308 0.061200923787528866
12 0.3607692307692308 0.9301385681293303 0.06769230769230769 0.10046189376443418
11 0.3457692307692308 0.766743648960739 0.045384615384615384 0.06697459584295612
9 0.275 0.7990762124711316 0.04692307692307692 0.07852193995381063
8 0.33115384615384613 0.43475750577367206 0.08538461538461538 0.1789838337182448
7 0.3280769230769231 0.5594688221709007 0.11307692307692307 0.05196304849884527
6 0.3923076923076923 0.11143187066974596 0.033846153846153845 0.06581986143187067
5 0.3853846153846154 0.22170900692840648 0.043076923076923075 0.08083140877598152
3 0.2680769230769231 0.3435334872979215 0.06230769230769231 0.09353348729792148
2 0.25653846153846155 0.2222863741339492 0.04692307692307692 0.049653579676674366
1 0.7896153846153846 0.3827944572748268 0.03923076923076923 0.06351039260969978
12 0.945 0.726905311778291 0.03461538461538462 0.07736720554272518
11 0.9407692307692308 0.5814087759815243 0.038461538461538464 0.05889145496535797
10 0.86 0.6760969976905312 0.046153846153846156 0.05196304849884527
9 0.8446153846153847 0.5415704387990762 0.04461538461538461 0.053117782909930716
9 0.7630769230769231 0.5536951501154734 0.02923076923076923 0.054272517321016164
10 0.7573076923076923 0.6564665127020786 0.03307692307692308 0.04734411085450346
11 0.8046153846153846 0.5663972286374134 0.03230769230769231 0.05196304849884527
12 0.8115384615384615 0.6766743648960739 0.03076923076923077 0.04387990762124711
11 0.5753846153846154 0.5450346420323325 0.024615384615384615 0.04849884526558892
10 0.5153846153846153 0.6443418013856813 0.026153846153846153 0.046189376443418015
9 0.5292307692307693 0.5484988452655889 0.024615384615384615 0.04849884526558892
12 0.5757692307692308 0.628175519630485 0.023846153846153847 0.04387990762124711
12 0.44884615384615384 0.7234411085450346 0.036153846153846154 0.042725173210161664
11 0.43846153846153846 0.6200923787528868 0.023076923076923078 0.046189376443418015
