4 0.86 0.3519874476987448 0.06 0.13493723849372385
3 0.705 0.35460251046025104 0.06538461538461539 0.1087866108786611
0 0.7630769230769231 0.18828451882845187 0.08923076923076922 0.15481171548117154
0 0.5219230769230769 0.27981171548117156 0.04846153846153846 0.10564853556485355
0 0.3180769230769231 0.1307531380753138 0.05153846153846154 0.11506276150627615
11 0.811923076923077 0.5313807531380753 0.057692307692307696 0.12761506276150628
9 0.6419230769230769 0.5292887029288703 0.07153846153846154 0.11297071129707113
9 0.2919230769230769 0.5831589958158996 0.05307692307692308 0.0700836820083682
11 0.4673076923076923 0.5219665271966527 0.045384615384615384 0.07531380753138076
5 0.9069230769230769 0.50418410041841 0.047692307692307694 0.09205020920502092
6 0.9038461538461539 0.6684100418410042 0.026153846153846153 0.0794979079497908
4 0.5734615384615385 0.37343096234309625 0.040769230769230766 0.07740585774058577
5 0.5838461538461538 0.45292887029288703 0.036923076923076927 0.0397489539748954
6 0.5692307692307692 0.5350418410041841 0.015384615384615385 0.04288702928870293
