0 0.48125 0.10902777777777778 0.071875 0.1763888888888889
12 0.651171875 0.9131944444444444 0.10390625 0.14583333333333334
11 0.595703125 0.6611111111111111 0.08359375 0.12777777777777777
10 0.9578125 0.6458333333333334 0.075 0.30833333333333335
9 0.7859375 0.475 0.046875 0.16111111111111112
6 0.757421875 0.49444444444444446 0.06484375 0.16666666666666666
5 0.68359375 0.2826388888888889 0.05625 0.12916666666666668
4 0.573828125 0.21041666666666667 0.06796875 0.15138888888888888
3 0.419140625 0.19444444444444445 0.06640625 0.10555555555555556
2 0.363671875 0.27361111111111114 0.03828125 0.12222222222222222
1 0.262109375 0.32569444444444445 0.03984375 0.08472222222222223
