2 0.18337129840546698 0.5993150684931506 0.05694760820045558 0.1095890410958904
0 0.26993166287015946 0.1386986301369863 0.0979498861047836 0.2089041095890411
0 0.5979498861047836 0.2928082191780822 0.0888382687927107 0.16095890410958905
0 0.7505694760820045 0.339041095890411 0.09339407744874716 0.14383561643835616
0 0.5250569476082004 0.3767123287671233 0.07061503416856492 0.1232876712328767
6 0.5968109339407744 0.5976027397260274 0.04555808656036447 0.07876712328767123
4 0.6685649202733486 0.410958904109589 0.06605922551252848 0.10273972602739725
4 0.8337129840546698 0.4417808219178082 0.0774487471526196 0.08904109589041095
3 0.17539863325740318 0.3561643835616438 0.10933940774487472 0.1506849315068493
1 0.1469248291571754 0.9332191780821918 0.0888382687927107 0.10616438356164383
