8 0.31363636363636366 0.43284789644012944 0.06909090909090909 0.19579288025889968
8 0.5272727272727272 0.494336569579288 0.06545454545454546 0.1634304207119741
8 0.7272727272727273 0.3851132686084142 0.07818181818181819 0.23948220064724918
6 0.3840909090909091 0.6504854368932039 0.026363636363636363 0.10355987055016182
6 0.605 0.5954692556634305 0.031818181818181815 0.07766990291262135
6 0.8036363636363636 0.6650485436893204 0.02909090909090909 0.10032362459546926
5 0.7977272727272727 0.4546925566343042 0.028181818181818183 0.08414239482200647
5 0.5922727272727273 0.5347896440129449 0.03909090909090909 0.06957928802588997
4 0.7963636363636364 0.3074433656957929 0.04727272727272727 0.13268608414239483
4 0.5854545454545454 0.42071197411003236 0.045454545454545456 0.11974110032362459
4 0.37227272727272726 0.33171521035598706 0.04090909090909091 0.10032362459546926
3 0.25681818181818183 0.3389967637540453 0.04090909090909091 0.0889967637540453
3 0.4813636363636364 0.4085760517799353 0.031818181818181815 0.0825242718446602
3 0.6668181818181819 0.2977346278317152 0.04090909090909091 0.11326860841423948
2 0.23454545454545456 0.4393203883495146 0.038181818181818185 0.05016181229773463
2 0.6590909090909091 0.4231391585760518 0.034545454545454546 0.059870550161812294
1 0.20318181818181819 0.5598705501618123 0.031818181818181815 0.07766990291262135
1 0.6681818181818182 0.5800970873786407 0.03090909090909091 0.10194174757281553
0 0.31136363636363634 0.20954692556634305 0.06272727272727273 0.127831715210356
0 0.5259090909090909 0.3017799352750809 0.05 0.11165048543689321
0 0.7495454545454545 0.16828478964401294 0.053636363636363635 0.1423948220064725
11 0.7459090909090909 0.7823624595469255 0.05 0.09546925566343042
11 0.5445454545454546 0.8365695792880259 0.04 0.06472491909385113
11 0.3368181818181818 0.8074433656957929 0.04818181818181818 0.06796116504854369
9 0.4954545454545455 0.8220064724919094 0.045454545454545456 0.09061488673139159
9 0.6954545454545454 0.7847896440129449 0.04363636363636364 0.11003236245954692
9 0.2913636363636364 0.8268608414239482 0.03727272727272727 0.061488673139158574
