9 0.37725631768953066 0.6351351351351351 0.11913357400722022 0.14864864864864866
8 0.5523465703971119 0.36824324324324326 0.19494584837545126 0.14864864864864866
6 0.8646209386281588 0.44425675675675674 0.10469314079422383 0.125
5 0.7689530685920578 0.34966216216216217 0.05776173285198556 0.1858108108108108
4 0.6678700361010831 0.2719594594594595 0.08664259927797834 0.23986486486486486
3 0.42057761732851984 0.23986486486486486 0.09747292418772563 0.21621621621621623
2 0.3231046931407942 0.30236486486486486 0.08303249097472924 0.16554054054054054
1 0.11371841155234658 0.36824324324324326 0.11913357400722022 0.17567567567567569
12 0.7924187725631769 0.8800675675675675 0.10469314079422383 0.10472972972972973
11 0.7346570397111913 0.6182432432432432 0.1263537906137184 0.16891891891891891
10 0.351985559566787 0.8462837837837838 0.1624548736462094 0.10472972972972973
