0 0.202 0.5941358024691358 0.16 0.2191358024691358
1 0.22 0.9552469135802469 0.092 0.08333333333333333
2 0.174 0.8935185185185185 0.068 0.06481481481481481
3 0.182 0.7654320987654321 0.076 0.14814814814814814
4 0.31 0.6959876543209876 0.068 0.13271604938271606
5 0.388 0.779320987654321 0.064 0.11419753086419752
6 0.333 0.9537037037037037 0.102 0.07407407407407407
7 0.45 0.8518518518518519 0.104 0.25308641975308643
8 0.277 0.7901234567901234 0.154 0.24691358024691357
9 0.652 0.9012345679012346 0.1 0.15432098765432098
10 0.875 0.9212962962962963 0.13 0.1388888888888889
11 0.433 0.5 0.11 0.16666666666666666
12 0.424 0.15895061728395063 0.128 0.2006172839506173
