0 0.59 0.15357142857142858 0.208 0.24714285714285714
1 0.154 0.6964285714285714 0.16 0.21857142857142858
2 0.298 0.47928571428571426 0.128 0.16428571428571428
3 0.394 0.2814285714285714 0.124 0.25142857142857145
4 0.754 0.25285714285714284 0.096 0.21428571428571427
5 0.826 0.3892857142857143 0.096 0.13
6 0.869 0.6028571428571429 0.142 0.1742857142857143
10 0.177 0.8835714285714286 0.17 0.21571428571428572
11 0.551 0.6114285714285714 0.138 0.18285714285714286
12 0.41 0.8735714285714286 0.172 0.2042857142857143
10 0.819 0.8314285714285714 0.17 0.20285714285714285
9 0.814 0.7028571428571428 0.136 0.16285714285714287
