0 0.511 0.47904191616766467 0.126 0.17964071856287425
2 0.314 0.43263473053892215 0.08 0.11077844311377245
3 0.409 0.38772455089820357 0.07 0.11676646706586827
4 0.582 0.37574850299401197 0.084 0.12874251497005987
5 0.681 0.39520958083832336 0.066 0.1317365269461078
7 0.493 0.09580838323353294 0.15 0.1437125748502994
8 0.508 0.23353293413173654 0.152 0.31736526946107785
9 0.354 0.2679640718562874 0.076 0.11676646706586827
10 0.189 0.4311377245508982 0.098 0.12574850299401197
11 0.658 0.2559880239520958 0.076 0.1407185628742515
12 0.813 0.4086826347305389 0.122 0.12874251497005987
