0 0.589 0.1972361809045226 0.222 0.2914572864321608
1 0.494 0.5628140703517588 0.148 0.22110552763819097
2 0.242 0.4214824120603015 0.172 0.1771356783919598
3 0.315 0.2506281407035176 0.174 0.21231155778894473
5 0.729 0.46168341708542715 0.146 0.17462311557788945
6 0.739 0.23304020100502512 0.154 0.22487437185929648
8 0.469 0.35615577889447236 0.286 0.36055276381909546
9 0.23 0.5326633165829145 0.188 0.21105527638190955
10 0.319 0.8065326633165829 0.206 0.2864321608040201
11 0.718 0.5678391959798995 0.228 0.22110552763819097
12 0.66 0.8373115577889447 0.192 0.2650753768844221
