0 0.698 0.2912912912912913 0.08 0.15615615615615616
1 0.592 0.5855855855855856 0.06 0.07207207207207207
2 0.571 0.44594594594594594 0.054 0.08708708708708708
3 0.609 0.34984984984984985 0.066 0.10510510510510511
5 0.643 0.4804804804804805 0.046 0.08408408408408409
7 0.523 0.4159159159159159 0.066 0.1831831831831832
9 0.433 0.4009009009009009 0.046 0.0990990990990991
10 0.318 0.4039039039039039 0.076 0.08108108108108109
11 0.449 0.47147147147147145 0.042 0.10810810810810811
12 0.37 0.45495495495495497 0.08 0.08108108108108109
