0 0.447 0.34143377885783716 0.086 0.10449574726609964
1 0.589 0.30619684082624543 0.078 0.10692588092345079
2 0.5 0.330498177399757 0.076 0.0899149453219927
3 0.455 0.393681652490887 0.074 0.0850546780072904
7 0.49 0.5267314702308628 0.14 0.11300121506682867
8 0.432 0.4416767922235723 0.136 0.13973268529769137
9 0.407 0.6257594167679222 0.078 0.11421628189550426
10 0.324 0.7448359659781288 0.128 0.10935601458080195
11 0.69 0.5 0.1 0.10571081409477522
12 0.748 0.382138517618469 0.14 0.11543134872417983
