0 0.582 0.08408408408408409 0.076 0.16216216216216217
1 0.469 0.46996996996997 0.054 0.08708708708708708
2 0.497 0.32882882882882886 0.042 0.08708708708708708
3 0.507 0.2132132132132132 0.054 0.0960960960960961
4 0.62 0.2057057057057057 0.044 0.10510510510510511
5 0.66 0.13063063063063063 0.052 0.1111111111111111
6 0.629 0.05555555555555555 0.042 0.057057057057057055
7 0.556 0.4339339339339339 0.14 0.16516516516516516
8 0.56 0.27177177177177175 0.092 0.22522522522522523
9 0.532 0.6351351351351351 0.068 0.10510510510510511
10 0.534 0.8468468468468469 0.076 0.15015015015015015
11 0.618 0.6426426426426426 0.064 0.13213213213213212
12 0.635 0.8513513513513513 0.086 0.15915915915915915
