0 0.477 0.2882882882882883 0.07 0.14414414414414414
2 0.428 0.4624624624624625 0.044 0.07807807807807808
3 0.436 0.3633633633633634 0.036 0.09009009009009009
4 0.52 0.35135135135135137 0.024 0.08408408408408409
5 0.515 0.43093093093093093 0.034 0.07507507507507508
6 0.517 0.551051051051051 0.038 0.08708708708708708
8 0.475 0.4174174174174174 0.066 0.15015015015015015
9 0.427 0.6246246246246246 0.046 0.0960960960960961
10 0.379 0.7477477477477478 0.062 0.12012012012012012
11 0.492 0.6186186186186187 0.056 0.07207207207207207
12 0.491 0.7327327327327328 0.058 0.12012012012012012
