8 0.751 0.3565459610027855 0.07 0.17270194986072424
1 0.906 0.3328690807799443 0.06 0.09749303621169916
2 0.833 0.32729805013927576 0.034 0.0807799442896936
3 0.798 0.30779944289693595 0.044 0.09192200557103064
4 0.714 0.2590529247910863 0.044 0.0947075208913649
5 0.672 0.233983286908078 0.036 0.07799442896935933
6 0.643 0.1713091922005571 0.05 0.08635097493036212
7 0.73 0.45264623955431754 0.084 0.11977715877437325
11 0.71 0.6086350974930362 0.076 0.11977715877437325
10 0.508 0.4206128133704735 0.072 0.1392757660167131
9 0.641 0.45125348189415043 0.058 0.10584958217270195
