0 0.572 0.18 0.152 0.176
1 0.766 0.3606666666666667 0.104 0.148
2 0.569 0.32266666666666666 0.078 0.128
3 0.509 0.25066666666666665 0.09 0.12533333333333332
4 0.694 0.2926666666666667 0.088 0.148
5 0.681 0.41133333333333333 0.078 0.124
6 0.537 0.48733333333333334 0.106 0.11866666666666667
7 0.555 0.532 0.262 0.184
8 0.579 0.38 0.17 0.312
9 0.442 0.6153333333333333 0.116 0.17466666666666666
10 0.539 0.7306666666666667 0.098 0.17066666666666666
11 0.591 0.658 0.11 0.13466666666666666
12 0.583 0.8593333333333333 0.17 0.14266666666666666
