0 0.6010989010989011 0.11345307917888563 0.14065934065934066 0.13379765395894427
12 0.6170329670329671 0.8982771260997068 0.12417582417582418 0.11913489736070382
11 0.621978021978022 0.7285557184750733 0.12087912087912088 0.07587976539589443
10 0.4524725274725275 0.9024926686217009 0.12362637362637363 0.08870967741935484
9 0.4703296703296703 0.718841642228739 0.11758241758241758 0.09530791788856305
8 0.5464285714285714 0.3564882697947214 0.1467032967032967 0.1660557184750733
7 0.5365384615384615 0.5102639296187683 0.1532967032967033 0.09017595307917889
6 0.6568681318681319 0.5546187683284457 0.06978021978021978 0.11730205278592376
5 0.7247252747252747 0.42576979472140764 0.08681318681318681 0.09494134897360704
4 0.7288461538461538 0.25109970674486803 0.10164835164835165 0.15469208211143695
3 0.46181318681318684 0.25183284457478006 0.08516483516483517 0.1429618768328446
2 0.33873626373626375 0.3315615835777126 0.07087912087912088 0.1125366568914956
1 0.36126373626373626 0.18585043988269795 0.07307692307692308 0.09824046920821114
