12 0.6887990762124712 0.9115384615384615 0.08429561200923788 0.13076923076923078
11 0.7159353348729792 0.71 0.12240184757505773 0.0876923076923077
9 0.5912240184757506 0.6973076923076923 0.09930715935334873 0.07461538461538461
10 0.5883371824480369 0.9153846153846154 0.09122401847575058 0.11692307692307692
0 0.6368360277136259 0.12346153846153846 0.1535796766743649 0.12846153846153846
0 0.3666281755196305 0.12653846153846154 0.151270207852194 0.14692307692307693
2 0.16339491916859122 0.3830769230769231 0.08660508083140878 0.08461538461538462
4 0.46997690531177827 0.20576923076923076 0.09468822170900693 0.10538461538461538
7 0.3493071593533487 0.4576923076923077 0.20438799076212472 0.06153846153846154
7 0.6518475750577367 0.4623076923076923 0.20207852193995382 0.06461538461538462
8 0.3446882217090069 0.34615384615384615 0.1997690531177829 0.22
8 0.6374133949191686 0.35384615384615387 0.18706697459584296 0.21076923076923076
9 0.2748267898383372 0.7334615384615385 0.12702078521939955 0.0823076923076923
10 0.32274826789838335 0.9411538461538461 0.11431870669745958 0.08076923076923077
11 0.4682448036951501 0.6915384615384615 0.14665127020785218 0.09846153846153846
