11 0.5121668597914253 0.6738461538461539 0.11355735805330243 0.09230769230769231
9 0.38933951332560834 0.6523076923076923 0.12282734646581692 0.09538461538461539
10 0.4600231749710313 0.8911538461538462 0.14831981460023175 0.08076923076923077
0 0.4165701042873696 0.14038461538461539 0.14716106604866744 0.12230769230769231
1 0.2809965237543453 0.5407692307692308 0.07531865585168018 0.10153846153846154
2 0.2665121668597914 0.38076923076923075 0.07879490150637311 0.08307692307692308
3 0.29200463499420626 0.2696153846153846 0.10660486674391657 0.10692307692307693
4 0.5619930475086906 0.25884615384615384 0.11819235225955968 0.11
5 0.5909617612977984 0.37884615384615383 0.09038238702201622 0.07615384615384616
6 0.5480880648899189 0.5215384615384615 0.09038238702201622 0.09538461538461539
7 0.43511008111239863 0.48115384615384615 0.1842410196987254 0.05307692307692308
8 0.42699884125144844 0.3415384615384615 0.20046349942062572 0.18923076923076923
