0 0.4855658198614319 0.11192307692307692 0.151270207852194 0.1176923076923077
1 0.4336027713625866 0.49153846153846154 0.10739030023094688 0.11384615384615385
2 0.3279445727482679 0.3953846153846154 0.09006928406466513 0.09846153846153846
3 0.3689376443418014 0.2526923076923077 0.13279445727482678 0.11461538461538462
4 0.6853348729792148 0.24576923076923077 0.13048498845265588 0.1423076923076923
5 0.6916859122401847 0.37884615384615383 0.10854503464203233 0.07615384615384616
6 0.5918013856812933 0.49038461538461536 0.1235565819861432 0.07923076923076923
7 0.504041570438799 0.4542307692307692 0.23210161662817552 0.06846153846153846
8 0.5098152424942263 0.3330769230769231 0.20207852193995382 0.21076923076923076
9 0.3891454965357968 0.6984615384615385 0.11547344110854503 0.0876923076923077
10 0.3117782909930716 0.9161538461538462 0.15935334872979215 0.08923076923076922
11 0.6431870669745958 0.7365384615384616 0.14549653579676675 0.0823076923076923
12 0.674364896073903 0.9103846153846153 0.15473441108545036 0.08384615384615385
