0 0.4799382716049383 0.118 0.09259259259259259 0.132
12 0.5231481481481481 0.953 0.046296296296296294 0.074
11 0.5385802469135802 0.718 0.06481481481481481 0.068
10 0.49151234567901236 0.906 0.035493827160493825 0.104
9 0.4498456790123457 0.743 0.06944444444444445 0.074
8 0.4845679012345679 0.346 0.12962962962962962 0.26
7 0.48919753086419754 0.527 0.17592592592592593 0.074
6 0.6419753086419753 0.562 0.043209876543209874 0.1
5 0.5972222222222222 0.391 0.05555555555555555 0.074
4 0.5671296296296297 0.243 0.044753086419753084 0.106
3 0.408179012345679 0.235 0.05401234567901234 0.098
2 0.3873456790123457 0.365 0.05246913580246913 0.062
1 0.4513888888888889 0.473 0.05092592592592592 0.102
