0 0.5028195488721805 0.2193627450980392 0.09962406015037593 0.16911764705882354
11 0.7528195488721805 0.8799019607843137 0.06954887218045112 0.09313725490196079
10 0.40977443609022557 0.8639705882352942 0.10526315789473684 0.08088235294117647
9 0.5347744360902256 0.883578431372549 0.06578947368421052 0.0857843137254902
8 0.556390977443609 0.4877450980392157 0.13909774436090225 0.24019607843137256
7 0.5921052631578947 0.6911764705882353 0.19548872180451127 0.06862745098039216
6 0.799812030075188 0.6691176470588235 0.09586466165413533 0.1323529411764706
5 0.6879699248120301 0.5196078431372549 0.045112781954887216 0.09313725490196079
4 0.6259398496240601 0.3602941176470588 0.06390977443609022 0.12254901960784313
3 0.4398496240601504 0.41911764705882354 0.08270676691729323 0.11274509803921569
2 0.40225563909774437 0.5747549019607843 0.06015037593984962 0.08088235294117647
1 0.3101503759398496 0.7573529411764706 0.06390977443609022 0.10784313725490197
