0 0.4351851851851852 0.14077163712200208 0.10398860398860399 0.15641293013555788
12 0.6652421652421653 0.8383733055265902 0.04843304843304843 0.07090719499478623
11 0.6296296296296297 0.616266944734098 0.1168091168091168 0.07090719499478623
10 0.202991452991453 0.9118873826903025 0.10683760683760683 0.0886339937434828
9 0.31552706552706555 0.6668404588112617 0.09259259259259259 0.0948905109489051
8 0.47863247863247865 0.3232533889468196 0.22507122507122507 0.1897810218978102
7 0.5227920227920227 0.4697601668404588 0.29914529914529914 0.06777893639207508
6 0.8240740740740741 0.5583941605839416 0.10398860398860399 0.12825860271115747
5 0.7343304843304843 0.3613138686131387 0.06125356125356125 0.08237747653806048
4 0.6210826210826211 0.25547445255474455 0.08831908831908832 0.13764337851929093
3 0.31196581196581197 0.2789363920750782 0.08831908831908832 0.10740354535974973
2 0.2984330484330484 0.4353493222106361 0.07834757834757834 0.06569343065693431
1 0.3660968660968661 0.5479666319082378 0.10826210826210826 0.13034410844629823
