0 0.5233050847457628 0.22566371681415928 0.11440677966101695 0.13274336283185842
12 0.7923728813559322 0.8539823008849557 0.1694915254237288 0.06784660766961652
11 0.7288135593220338 0.672566371681416 0.1016949152542373 0.10619469026548672
10 0.22245762711864406 0.6607669616519174 0.13135593220338984 0.08849557522123894
9 0.3326271186440678 0.6902654867256637 0.08898305084745763 0.11799410029498525
8 0.5423728813559322 0.40412979351032446 0.1864406779661017 0.18289085545722714
7 0.5402542372881356 0.5427728613569321 0.2754237288135593 0.06489675516224189
6 0.8241525423728814 0.15191740412979352 0.08050847457627118 0.06784660766961652
5 0.7203389830508474 0.22271386430678466 0.059322033898305086 0.07374631268436578
4 0.6313559322033898 0.2949852507374631 0.06779661016949153 0.11209439528023599
3 0.423728813559322 0.33480825958702065 0.09322033898305085 0.12094395280235988
2 0.3283898305084746 0.4336283185840708 0.0635593220338983 0.08259587020648967
1 0.2245762711864407 0.5353982300884956 0.09322033898305085 0.061946902654867256
