0 0.4554166666666667 0.11875 0.1225 0.14821428571428572
12 0.7983333333333333 0.9232142857142858 0.12166666666666667 0.0880952380952381
11 0.68125 0.7107142857142857 0.09583333333333334 0.11428571428571428
10 0.35333333333333333 0.9321428571428572 0.14833333333333334 0.05119047619047619
9 0.32666666666666666 0.7107142857142857 0.10833333333333334 0.06904761904761905
8 0.4583333333333333 0.3169642857142857 0.235 0.22916666666666666
7 0.47708333333333336 0.4785714285714286 0.29083333333333333 0.07261904761904762
6 0.7875 0.48928571428571427 0.08166666666666667 0.12857142857142856
5 0.685 0.3580357142857143 0.08166666666666667 0.06607142857142857
4 0.60125 0.24136904761904762 0.09083333333333334 0.12916666666666668
4 0.60125 0.24196428571428572 0.09083333333333334 0.13392857142857142
3 0.29041666666666666 0.2244047619047619 0.0875 0.13333333333333333
2 0.2520833333333333 0.3494047619047619 0.08083333333333333 0.05476190476190476
1 0.3545833333333333 0.44910714285714287 0.11083333333333334 0.09345238095238095
