0 0.5479166666666667 0.12416851441241686 0.14583333333333334 0.1197339246119734
12 0.8458333333333333 0.8758314855875832 0.1 0.164079822616408
11 0.69375 0.7006651884700665 0.1375 0.0975609756097561
10 0.2916666666666667 0.9523281596452328 0.20833333333333334 0.04656319290465632
9 0.35833333333333334 0.6906873614190687 0.10833333333333334 0.1130820399113082
8 0.6125 0.328159645232816 0.2833333333333333 0.19955654101995565
7 0.6291666666666667 0.49223946784922396 0.375 0.07095343680709534
6 0.9208333333333333 0.417960088691796 0.09166666666666666 0.06873614190687362
5 0.91875 0.32261640798226165 0.0875 0.082039911308204
4 0.7625 0.2572062084257206 0.125 0.15521064301552107
3 0.425 0.27161862527716185 0.125 0.12195121951219512
2 0.28125 0.3669623059866962 0.07083333333333333 0.082039911308204
1 0.08125 0.4911308203991131 0.10416666666666667 0.082039911308204
