0 0.5467546754675467 0.21294964028776978 0.08800880088008801 0.12086330935251799
11 0.6160616061606161 0.5856115107913669 0.0858085808580858 0.08057553956834532
10 0.16666666666666666 0.5888489208633093 0.12211221122112212 0.06115107913669065
9 0.3173817381738174 0.6212230215827338 0.0847084708470847 0.08705035971223021
8 0.523102310231023 0.34172661870503596 0.1419141914191419 0.1366906474820144
7 0.49724972497249725 0.4456834532374101 0.23542354235423543 0.09280575539568345
6 0.8591859185918592 0.22913669064748202 0.0748074807480748 0.08273381294964029
5 0.7453245324532454 0.25971223021582734 0.0627062706270627 0.07625899280575539
4 0.6314631463146315 0.29676258992805754 0.07920792079207921 0.11151079136690648
3 0.43014301430143015 0.27733812949640285 0.0748074807480748 0.11151079136690648
2 0.29427942794279427 0.3597122302158273 0.056105610561056105 0.06618705035971223
1 0.11606160616061606 0.4266187050359712 0.0847084708470847 0.041726618705035974
