0 0.33801498127340823 0.19 0.1104868913857678 0.14333333333333334
12 0.4297752808988764 0.8975 0.11797752808988764 0.12166666666666667
11 0.47097378277153557 0.6841666666666667 0.08426966292134831 0.09833333333333333
10 0.2902621722846442 0.9375 0.06741573033707865 0.08166666666666667
9 0.2743445692883895 0.7125 0.07677902621722846 0.08833333333333333
8 0.29868913857677903 0.3566666666666667 0.1441947565543071 0.16333333333333333
7 0.2883895131086142 0.4741666666666667 0.18726591760299627 0.07166666666666667
5 0.46441947565543074 0.44583333333333336 0.06741573033707865 0.08166666666666667
4 0.399812734082397 0.31916666666666665 0.08052434456928839 0.14166666666666666
3 0.2144194756554307 0.2941666666666667 0.08426966292134831 0.13166666666666665
2 0.13951310861423222 0.43333333333333335 0.06928838951310862 0.11
1 0.15262172284644196 0.5516666666666666 0.05805243445692884 0.11666666666666667
