0 0.5551948051948052 0.12444444444444444 0.07467532467532467 0.14666666666666667
12 0.3449675324675325 0.8988888888888888 0.0633116883116883 0.10444444444444445
11 0.45454545454545453 0.7211111111111111 0.05844155844155844 0.10888888888888888
10 0.31412337662337664 0.5333333333333333 0.09902597402597403 0.08444444444444445
9 0.4586038961038961 0.6122222222222222 0.06655844155844155 0.11333333333333333
8 0.5430194805194806 0.32666666666666666 0.07305194805194805 0.24888888888888888
7 0.5227272727272727 0.4622222222222222 0.11038961038961038 0.12444444444444444
6 0.6858766233766234 0.15555555555555556 0.05032467532467533 0.08444444444444445
5 0.7045454545454546 0.26 0.03896103896103896 0.06666666666666667
4 0.627435064935065 0.21 0.06655844155844155 0.10888888888888888
3 0.487012987012987 0.2311111111111111 0.06168831168831169 0.10666666666666667
2 0.4017857142857143 0.29888888888888887 0.04707792207792208 0.07333333333333333
1 0.2849025974025974 0.35555555555555557 0.0698051948051948 0.08
