0 0.44846153846153847 0.15935334872979215 0.09076923076923077 0.16166281755196305
12 0.5723076923076923 0.8903002309468823 0.08923076923076922 0.09006928406466513
11 0.49923076923076926 0.6466512702078522 0.07846153846153846 0.08314087759815242
10 0.8184615384615385 0.8787528868360277 0.036923076923076927 0.15473441108545036
9 0.6330769230769231 0.7274826789838337 0.05076923076923077 0.10623556581986143
8 0.5007692307692307 0.37759815242494227 0.12153846153846154 0.18244803695150116
7 0.5576923076923077 0.5092378752886836 0.11538461538461539 0.04387990762124711
6 0.713076923076923 0.43648960739030024 0.038461538461538464 0.10161662817551963
5 0.6438461538461538 0.3083140877598152 0.038461538461538464 0.07621247113163972
4 0.5584615384615385 0.2690531177829099 0.07076923076923076 0.10854503464203233
3 0.4153846153846154 0.2817551963048499 0.06153846153846154 0.11547344110854503
2 0.3630769230769231 0.3441108545034642 0.043076923076923075 0.08775981524249422
1 0.29846153846153844 0.2909930715935335 0.033846153846153845 0.08775981524249422
