0 0.5595667870036101 0.13978494623655913 0.11552346570397112 0.15053763440860216
12 0.4043321299638989 0.9139784946236559 0.05054151624548736 0.12903225806451613
11 0.4981949458483754 0.7271505376344086 0.05776173285198556 0.09408602150537634
10 0.351985559566787 0.842741935483871 0.05415162454873646 0.1586021505376344
9 0.44765342960288806 0.635752688172043 0.10108303249097472 0.12096774193548387
8 0.5108303249097473 0.3239247311827957 0.17689530685920576 0.21774193548387097
7 0.51985559566787 0.47446236559139787 0.23104693140794225 0.09946236559139784
6 0.6155234657039711 0.3064516129032258 0.04693140794223827 0.10215053763440861
5 0.7220216606498195 0.3844086021505376 0.05054151624548736 0.10215053763440861
4 0.6949458483754513 0.24059139784946237 0.05415162454873646 0.13172043010752688
3 0.41155234657039713 0.21236559139784947 0.08664259927797834 0.12365591397849462
2 0.3249097472924188 0.22043010752688172 0.05054151624548736 0.08602150537634409
1 0.24187725631768953 0.35080645161290325 0.07220216606498195 0.09946236559139784
