0 0.53046875 0.12370062370062371 0.0828125 0.13513513513513514
12 0.70625 0.9168399168399168 0.05625 0.09147609147609148
11 0.66484375 0.7141372141372141 0.0640625 0.08108108108108109
10 0.64140625 0.9095634095634095 0.0578125 0.10602910602910603
9 0.54296875 0.6777546777546778 0.0765625 0.0997920997920998
8 0.54921875 0.3264033264033264 0.1109375 0.21621621621621623
7 0.58359375 0.5093555093555093 0.1671875 0.079002079002079
6 0.5796875 0.5062370062370062 0.053125 0.07276507276507277
5 0.65625 0.3887733887733888 0.046875 0.06652806652806653
4 0.62109375 0.2515592515592516 0.0546875 0.13721413721413722
3 0.48515625 0.26195426195426197 0.0546875 0.0997920997920998
2 0.4796875 0.3981288981288981 0.0375 0.08108108108108109
1 0.48984375 0.581081081081081 0.0203125 0.08523908523908524
