0 0.49710312862108924 0.14692307692307693 0.12977983777520277 0.13384615384615384
12 0.7027809965237544 0.8803846153846154 0.11935110081112399 0.09
11 0.7079953650057937 0.6976923076923077 0.06720741599073002 0.05384615384615385
10 0.5011587485515643 0.8634615384615385 0.0776361529548088 0.08846153846153847
9 0.3980301274623407 0.6492307692307693 0.10544611819235226 0.07230769230769231
8 0.5104287369640788 0.3434615384615385 0.2074159907300116 0.20384615384615384
7 0.4721900347624565 0.4803846153846154 0.23522595596755505 0.04692307692307692
6 0.6488991888760139 0.5269230769230769 0.07415990730011587 0.07230769230769231
5 0.7479721900347625 0.3869230769230769 0.0660486674391657 0.11076923076923077
4 0.6703360370799536 0.28615384615384615 0.09617612977983778 0.13846153846153847
3 0.3939745075318656 0.27576923076923077 0.09269988412514485 0.12384615384615384
