0 0.4236434108527132 0.229375 0.08759689922480621 0.11125
12 0.5523255813953488 0.8378125 0.06899224806201551 0.081875
11 0.5100775193798449 0.64875 0.07286821705426356 0.07125
10 0.48255813953488375 0.835625 0.05503875968992248 0.1
9 0.4236434108527132 0.670625 0.06434108527131784 0.0725
8 0.4375968992248062 0.3909375 0.1372093023255814 0.176875
7 0.44108527131782943 0.515 0.1937984496124031 0.055
6 0.6108527131782946 0.5053125 0.04961240310077519 0.086875
5 0.5554263565891473 0.3925 0.03798449612403101 0.0775
4 0.5108527131782946 0.344375 0.05116279069767442 0.1125
3 0.3457364341085271 0.3490625 0.05736434108527132 0.096875
2 0.27364341085271315 0.4159375 0.03565891472868217 0.056875
1 0.2193798449612403 0.5303125 0.04961240310077519 0.063125
