12 0.38125 0.9131944444444444 0.0375 0.09583333333333334
11 0.423828125 0.7638888888888888 0.03828125 0.06944444444444445
10 0.498828125 0.8145833333333333 0.06953125 0.09305555555555556
9 0.506640625 0.6319444444444444 0.03828125 0.06388888888888888
8 0.45859375 0.46944444444444444 0.03125 0.10277777777777777
7 0.437890625 0.5625 0.05859375 0.06944444444444445
6 0.58125 0.3951388888888889 0.0390625 0.04583333333333333
5 0.51484375 0.42916666666666664 0.0375 0.04722222222222222
3 0.42734375 0.3819444444444444 0.025 0.06666666666666667
2 0.44375 0.2902777777777778 0.03125 0.05
1 0.459375 0.18263888888888888 0.021875 0.06805555555555555
3 0.766015625 0.5597222222222222 0.03828125 0.08611111111111111
2 0.723828125 0.6347222222222222 0.03671875 0.06666666666666667
1 0.7921875 0.7486111111111111 0.0609375 0.08888888888888889
3 0.151171875 0.675 0.02578125 0.04722222222222222
2 0.13515625 0.7333333333333333 0.021875 0.030555555555555555
1 0.159375 0.7902777777777777 0.0234375 0.044444444444444446
11 0.1875 0.8958333333333334 0.0140625 0.03888888888888889
9 0.165234375 0.8840277777777777 0.02265625 0.04583333333333333
