0 0.35625 0.19333333333333333 0.1125 0.16
12 0.8083333333333333 0.885 0.14166666666666666 0.17666666666666667
11 0.69375 0.69 0.0875 0.12666666666666668
10 0.14166666666666666 0.8966666666666666 0.1 0.14
9 0.22083333333333333 0.675 0.08333333333333333 0.11666666666666667
8 0.4041666666666667 0.36666666666666664 0.19166666666666668 0.16666666666666666
6 0.5354166666666667 0.6066666666666667 0.07083333333333333 0.12666666666666668
5 0.5791666666666667 0.41833333333333333 0.06666666666666667 0.08333333333333333
4 0.5229166666666667 0.285 0.09583333333333334 0.15666666666666668
3 0.24166666666666667 0.2683333333333333 0.09166666666666666 0.12333333333333334
1 0.19583333333333333 0.41833333333333333 0.1 0.13
