0 0.5035714285714286 0.22785714285714287 0.1 0.11857142857142858
11 0.6580357142857143 0.7335714285714285 0.06964285714285715 0.09
9 0.4919642857142857 0.6428571428571429 0.08035714285714286 0.09428571428571429
8 0.49642857142857144 0.3992857142857143 0.175 0.14714285714285713
6 0.8767857142857143 0.5735714285714286 0.10357142857142858 0.08142857142857143
5 0.7160714285714286 0.4735714285714286 0.07142857142857142 0.11
4 0.625 0.3692857142857143 0.08928571428571429 0.16714285714285715
3 0.39732142857142855 0.3407142857142857 0.07678571428571429 0.1442857142857143
2 0.28482142857142856 0.3578571428571429 0.06964285714285715 0.07285714285714286
1 0.30089285714285713 0.5121428571428571 0.06964285714285715 0.10428571428571429
