12 0.6189376443418014 0.8442446043165468 0.08545034642032333 0.1302158273381295
11 0.6160508083140878 0.7057553956834532 0.07736720554272518 0.08489208633093526
10 0.38856812933025403 0.8571942446043166 0.1420323325635104 0.03669064748201439
9 0.365473441108545 0.6816546762589928 0.09353348729792148 0.07841726618705036
8 0.5415704387990762 0.36366906474820143 0.14087759815242495 0.11294964028776978
7 0.5392609699769053 0.47158273381294963 0.22401847575057737 0.07697841726618705
6 0.5265588914549654 0.12014388489208633 0.03464203233256351 0.08057553956834532
5 0.6079676674364896 0.22194244604316546 0.04734411085450346 0.08705035971223021
4 0.6893764434180139 0.29280575539568343 0.050808314087759814 0.10359712230215827
3 0.46709006928406466 0.31618705035971223 0.06812933025404157 0.0985611510791367
2 0.3325635103926097 0.24532374100719426 0.06697459584295612 0.06906474820143885
1 0.42782909930715934 0.16798561151079136 0.06581986143187067 0.05683453237410072
9 0.12933025404157045 0.8564748201438849 0.10161662817551963 0.13884892086330936
3 0.04041570438799076 0.42949640287769786 0.07852193995381063 0.08345323741007195
2 0.1928406466512702 0.35719424460431654 0.09699769053117784 0.06402877697841726
