0 0.6546666666666666 0.16257668711656442 0.064 0.10020449897750511
12 0.7253333333333334 0.9192229038854806 0.06133333333333333 0.08384458077709611
11 0.702 0.679959100204499 0.052 0.08793456032719836
10 0.6413333333333333 0.911042944785276 0.056 0.08384458077709611
9 0.624 0.6687116564417178 0.056 0.11860940695296524
8 0.666 0.3824130879345603 0.10266666666666667 0.2085889570552147
7 0.6606666666666666 0.46830265848670755 0.11066666666666666 0.053169734151329244
6 0.684 0.4130879345603272 0.048 0.06134969325153374
5 0.7273333333333334 0.38445807770961143 0.044 0.053169734151329244
4 0.7133333333333334 0.2842535787321063 0.050666666666666665 0.06952965235173825
3 0.602 0.28629856850715746 0.05733333333333333 0.07770961145194274
2 0.5946666666666667 0.40899795501022496 0.05333333333333334 0.053169734151329244
1 0.6033333333333334 0.5378323108384458 0.04933333333333333 0.06952965235173825
