0 0.49178571428571427 0.09225181598062954 0.15785714285714286 0.149636803874092
12 0.6085714285714285 0.9096852300242131 0.12 0.11573849878934625
11 0.5935714285714285 0.7106537530266344 0.11285714285714285 0.09152542372881356
10 0.4132142857142857 0.9065375302663439 0.11357142857142857 0.11912832929782083
9 0.4210714285714286 0.7065375302663438 0.11785714285714285 0.11912832929782083
8 0.5110714285714286 0.35084745762711866 0.19214285714285714 0.20290556900726392
7 0.485 0.4837772397094431 0.19714285714285715 0.06585956416464891
6 0.6339285714285714 0.5092009685230025 0.07071428571428572 0.07893462469733656
5 0.6821428571428572 0.38305084745762713 0.09142857142857143 0.06779661016949153
4 0.6635714285714286 0.23075060532687652 0.11 0.15641646489104116
3 0.35428571428571426 0.23801452784503632 0.11142857142857143 0.1351089588377724
2 0.3292857142857143 0.3845036319612591 0.08857142857142856 0.10944309927360775
1 0.37107142857142855 0.548910411622276 0.12357142857142857 0.14479418886198547
