2 0.4076797385620915 0.36133333333333334 0.04738562091503268 0.088
1 0.41421568627450983 0.43333333333333335 0.04084967320261438 0.104
0 0.47630718954248363 0.13066666666666665 0.06045751633986928 0.13333333333333333
12 0.5620915032679739 0.764 0.0457516339869281 0.10933333333333334
11 0.5277777777777778 0.6746666666666666 0.058823529411764705 0.112
10 0.48937908496732024 0.892 0.05065359477124183 0.08266666666666667
9 0.46568627450980393 0.6733333333333333 0.05228758169934641 0.08266666666666667
8 0.47467320261437906 0.3626666666666667 0.06699346405228758 0.16533333333333333
6 0.5171568627450981 0.4226666666666667 0.05392156862745098 0.09333333333333334
5 0.5800653594771242 0.32266666666666666 0.049019607843137254 0.10666666666666667
4 0.545751633986928 0.23466666666666666 0.06209150326797386 0.13333333333333333
