0 0.543 0.194 0.158 0.16933333333333334
1 0.355 0.55 0.07 0.15866666666666668
2 0.377 0.4046666666666667 0.106 0.108
3 0.391 0.304 0.094 0.14933333333333335
4 0.66 0.306 0.136 0.16133333333333333
5 0.666 0.43666666666666665 0.116 0.13466666666666666
6 0.581 0.5406666666666666 0.13 0.15333333333333332
7 0.539 0.568 0.31 0.23466666666666666
9 0.468 0.6826666666666666 0.104 0.15733333333333333
10 0.492 0.9113333333333333 0.084 0.15866666666666668
11 0.565 0.7126666666666667 0.086 0.108
12 0.549 0.874 0.074 0.12133333333333333
