0 0.514 0.29429429429429427 0.08 0.14414414414414414
1 0.615 0.6066066066066066 0.054 0.12012012012012012
2 0.598 0.493993993993994 0.056 0.09309309309309309
3 0.58 0.3888888888888889 0.052 0.11711711711711711
4 0.464 0.3813813813813814 0.056 0.12012012012012012
5 0.451 0.484984984984985 0.058 0.10510510510510511
6 0.43 0.6231231231231231 0.048 0.1111111111111111
7 0.521 0.5345345345345346 0.122 0.1021021021021021
8 0.517 0.43243243243243246 0.106 0.16216216216216217
9 0.56 0.7087087087087087 0.064 0.12612612612612611
10 0.549 0.8858858858858859 0.062 0.13813813813813813
11 0.499 0.7417417417417418 0.062 0.0960960960960961
