0 0.502 0.2105666156202144 0.152 0.17304747320061256
1 0.245 0.16232771822358347 0.102 0.16232771822358347
2 0.232 0.31852986217457885 0.092 0.09800918836140889
4 0.64 0.30857580398162326 0.084 0.15773353751914243
5 0.812 0.2771822358346095 0.116 0.11638591117917305
6 0.79 0.11791730474732007 0.108 0.13476263399693722
7 0.509 0.5206738131699847 0.25 0.13476263399693722
8 0.508 0.38284839203675347 0.216 0.2113323124042879
9 0.306 0.6623277182235835 0.164 0.17304747320061256
10 0.589 0.7274119448698315 0.166 0.16232771822358347
11 0.662 0.7266462480857581 0.116 0.1638591117917305
12 0.507 0.9042879019908117 0.11 0.18223583460949463
