0 0.39 0.202 0.176 0.15866666666666668
1 0.497 0.5473333333333333 0.126 0.14
2 0.356 0.44533333333333336 0.092 0.144
3 0.286 0.354 0.124 0.15333333333333332
4 0.531 0.29133333333333333 0.122 0.12933333333333333
5 0.571 0.3893333333333333 0.086 0.10933333333333334
6 0.589 0.518 0.114 0.13733333333333334
8 0.437 0.42 0.25 0.29333333333333333
9 0.37 0.6893333333333334 0.108 0.152
10 0.247 0.8793333333333333 0.122 0.196
11 0.519 0.6926666666666667 0.138 0.14533333333333334
12 0.509 0.876 0.122 0.19466666666666665
