0 0.792 0.45495495495495497 0.176 0.2672672672672673
3 0.701 0.4369369369369369 0.058 0.14114114114114115
2 0.609 0.3228228228228228 0.09 0.17717717717717718
4 0.749 0.6951951951951952 0.126 0.1891891891891892
5 0.892 0.7012012012012012 0.104 0.2072072072072072
7 0.437 0.5765765765765766 0.15 0.2822822822822823
8 0.596 0.6216216216216216 0.192 0.3003003003003003
9 0.318 0.2882882882882883 0.092 0.16216216216216217
10 0.149 0.5315315315315315 0.134 0.18618618618618618
11 0.496 0.22372372372372373 0.124 0.17717717717717718
12 0.287 0.3978978978978979 0.182 0.16516516516516516
