0 0.47 0.176 0.192 0.18933333333333333
1 0.447 0.4866666666666667 0.078 0.14133333333333334
2 0.293 0.40066666666666667 0.114 0.116
3 0.333 0.29533333333333334 0.094 0.14266666666666666
4 0.581 0.306 0.118 0.14
5 0.587 0.41 0.074 0.1
6 0.571 0.564 0.094 0.13333333333333333
7 0.513 0.5026666666666667 0.238 0.15466666666666667
8 0.463 0.38666666666666666 0.214 0.272
9 0.319 0.5113333333333333 0.11 0.14
10 0.304 0.728 0.152 0.18133333333333335
11 0.548 0.6753333333333333 0.128 0.15866666666666668
12 0.56 0.906 0.16 0.16133333333333333
