1 0.666 0.23123123123123124 0.048 0.1021021021021021
2 0.632 0.28378378378378377 0.036 0.08108108108108109
4 0.634 0.3888888888888889 0.08 0.1111111111111111
5 0.702 0.33633633633633636 0.048 0.09009009009009009
6 0.797 0.30930930930930933 0.078 0.1021021021021021
7 0.464 0.506006006006006 0.084 0.19519519519519518
9 0.43 0.7132132132132132 0.084 0.13513513513513514
10 0.494 0.8813813813813813 0.1 0.14714714714714713
11 0.362 0.45795795795795796 0.068 0.15315315315315314
12 0.234 0.40540540540540543 0.1 0.12612612612612611
