0 0.462 0.3033033033033033 0.16 0.3003003003003003
1 0.204 0.7837837837837838 0.116 0.21621621621621623
2 0.19 0.6321321321321322 0.112 0.12912912912912913
3 0.314 0.5 0.096 0.2072072072072072
4 0.557 0.515015015015015 0.102 0.2072072072072072
5 0.611 0.6501501501501501 0.102 0.15915915915915915
6 0.563 0.8378378378378378 0.098 0.17417417417417416
8 0.433 0.6066066066066066 0.206 0.3663663663663664
9 0.325 0.9129129129129129 0.114 0.16216216216216217
11 0.308 0.7747747747747747 0.112 0.21021021021021022
