0 0.584 0.12466666666666666 0.148 0.156
1 0.2 0.4186666666666667 0.116 0.13866666666666666
2 0.42 0.3873333333333333 0.092 0.15066666666666667
3 0.48 0.27066666666666667 0.096 0.10933333333333334
4 0.724 0.25933333333333336 0.096 0.132
5 0.722 0.366 0.092 0.1
6 0.684 0.484 0.096 0.14933333333333335
7 0.543 0.4693333333333333 0.202 0.17333333333333334
8 0.575 0.32466666666666666 0.23 0.20666666666666667
9 0.527 0.6386666666666667 0.118 0.12533333333333332
10 0.55 0.8686666666666667 0.1 0.18266666666666667
11 0.683 0.648 0.134 0.11733333333333333
12 0.787 0.8786666666666667 0.13 0.17333333333333334
