0 0.414 0.3238031914893617 0.276 0.28058510638297873
1 0.425 0.43617021276595747 0.214 0.16489361702127658
2 0.202 0.644281914893617 0.18 0.16356382978723405
4 0.676 0.46875 0.156 0.23537234042553193
5 0.741 0.6569148936170213 0.19 0.15691489361702127
6 0.422 0.8144946808510638 0.224 0.21143617021276595
3 0.218 0.4554521276595745 0.148 0.17952127659574468
8 0.438 0.5771276595744681 0.384 0.2925531914893617
9 0.171 0.7779255319148937 0.222 0.19946808510638298
11 0.799 0.7819148936170213 0.222 0.2765957446808511
