0 0.233 0.5014970059880239 0.106 0.12874251497005987
1 0.147 0.7604790419161677 0.094 0.09580838323353294
2 0.222 0.6706586826347305 0.072 0.09580838323353294
3 0.259 0.5598802395209581 0.062 0.11377245508982035
6 0.268 0.7155688622754491 0.052 0.0658682634730539
7 0.334 0.7470059880239521 0.096 0.1347305389221557
8 0.311 0.6122754491017964 0.082 0.17664670658682635
9 0.415 0.6227544910179641 0.066 0.12574850299401197
10 0.468 0.7964071856287425 0.064 0.10778443113772455
11 0.486 0.7350299401197605 0.052 0.09880239520958084
12 0.625 0.8233532934131736 0.09 0.11377245508982035
