1 0.796 0.8850393700787401 0.124 0.08818897637795275
4 0.745 0.6637795275590551 0.102 0.18425196850393702
5 0.853 0.7929133858267716 0.086 0.13070866141732285
6 0.869 0.9622047244094488 0.162 0.07244094488188976
7 0.418 0.5354330708661418 0.172 0.22677165354330708
8 0.611 0.5755905511811024 0.226 0.2440944881889764
9 0.231 0.6716535433070866 0.126 0.14015748031496064
10 0.139 0.8937007874015748 0.178 0.11496062992125984
11 0.326 0.2968503937007874 0.088 0.14645669291338584
12 0.168 0.09212598425196851 0.1 0.17165354330708663
