3 0.1140625 0.23333333333333334 0.046875 0.11944444444444445
2 0.05078125 0.29097222222222224 0.0546875 0.12638888888888888
0 0.15859375 0.14583333333333334 0.0640625 0.14444444444444443
12 0.281640625 0.9319444444444445 0.07265625 0.1111111111111111
11 0.266796875 0.7284722222222222 0.06953125 0.09305555555555556
10 0.162109375 0.9395833333333333 0.08515625 0.07361111111111111
9 0.17890625 0.7159722222222222 0.0671875 0.11527777777777778
8 0.193359375 0.38680555555555557 0.08671875 0.14027777777777778
7 0.215625 0.5013888888888889 0.09375 0.05
6 0.39375 0.3402777777777778 0.06875 0.10277777777777777
5 0.318359375 0.24305555555555555 0.05078125 0.14166666666666666
4 0.24296875 0.22083333333333333 0.065625 0.19166666666666668
