5 0.331640625 0.30416666666666664 0.04609375 0.14722222222222223
4 0.266015625 0.2673611111111111 0.05234375 0.16805555555555557
3 0.14453125 0.2965277777777778 0.04375 0.16805555555555557
2 0.0953125 0.3236111111111111 0.0484375 0.125
1 0.062890625 0.47638888888888886 0.05546875 0.1111111111111111
0 0.179296875 0.16597222222222222 0.07421875 0.16805555555555557
12 0.2765625 0.9451388888888889 0.0515625 0.07083333333333333
11 0.248828125 0.7388888888888889 0.06953125 0.08888888888888889
10 0.1640625 0.9430555555555555 0.0859375 0.06388888888888888
9 0.1578125 0.7263888888888889 0.0640625 0.09166666666666666
8 0.194140625 0.39791666666666664 0.10078125 0.1763888888888889
7 0.207421875 0.5368055555555555 0.08359375 0.0625
6 0.394140625 0.4583333333333333 0.06328125 0.11944444444444445
