3 0.141015625 0.24444444444444444 0.06171875 0.125
1 0.14375 0.44375 0.0421875 0.10416666666666667
0 0.2125 0.12916666666666668 0.0640625 0.1527777777777778
12 0.280078125 0.9208333333333333 0.05703125 0.1111111111111111
11 0.28203125 0.7138888888888889 0.0703125 0.08333333333333333
10 0.152734375 0.9326388888888889 0.04609375 0.12638888888888888
9 0.16875 0.7104166666666667 0.0703125 0.12361111111111112
8 0.216015625 0.3625 0.08203125 0.16666666666666666
7 0.216796875 0.5222222222222223 0.09921875 0.05277777777777778
5 0.321484375 0.28402777777777777 0.06171875 0.1486111111111111
4 0.272265625 0.24861111111111112 0.04921875 0.1638888888888889
