2 0.090625 0.3034722222222222 0.053125 0.09027777777777778
1 0.089453125 0.45625 0.05546875 0.10972222222222222
0 0.166015625 0.14583333333333334 0.07734375 0.16666666666666666
12 0.27421875 0.9284722222222223 0.05625 0.11805555555555555
11 0.266015625 0.7298611111111111 0.06796875 0.08194444444444444
10 0.161328125 0.9298611111111111 0.08671875 0.0875
9 0.183203125 0.7270833333333333 0.07421875 0.0875
8 0.188671875 0.35833333333333334 0.07109375 0.125
7 0.20078125 0.4895833333333333 0.0609375 0.043055555555555555
5 0.29453125 0.33958333333333335 0.059375 0.09305555555555556
4 0.241796875 0.23194444444444445 0.05859375 0.1388888888888889
3 0.126171875 0.23125 0.06015625 0.10972222222222222
