3 0.117578125 0.23680555555555555 0.05546875 0.09305555555555556
2 0.088671875 0.30833333333333335 0.05078125 0.08333333333333333
1 0.084765625 0.4465277777777778 0.06796875 0.10138888888888889
0 0.165625 0.14652777777777778 0.0671875 0.14583333333333334
12 0.26796875 0.9263888888888889 0.0609375 0.1
11 0.266015625 0.7222222222222222 0.06640625 0.09444444444444444
10 0.155859375 0.9375 0.09765625 0.07222222222222222
9 0.180859375 0.7145833333333333 0.06953125 0.10972222222222222
8 0.18515625 0.3840277777777778 0.0859375 0.1736111111111111
7 0.21328125 0.5069444444444444 0.09375 0.05
5 0.3015625 0.3229166666666667 0.0453125 0.13472222222222222
4 0.241015625 0.2298611111111111 0.05703125 0.19583333333333333
