0 0.15390625 0.14444444444444443 0.071875 0.15833333333333333
12 0.272265625 0.9416666666666667 0.05234375 0.08333333333333333
11 0.269921875 0.7340277777777777 0.06484375 0.09305555555555556
10 0.16328125 0.9298611111111111 0.08125 0.09027777777777778
9 0.181640625 0.7229166666666667 0.07890625 0.09861111111111111
8 0.190625 0.38680555555555557 0.1046875 0.1875
7 0.2125 0.49375 0.09375 0.05138888888888889
6 0.404296875 0.33611111111111114 0.05234375 0.09722222222222222
5 0.31640625 0.24513888888888888 0.0609375 0.14027777777777778
4 0.2421875 0.22708333333333333 0.0625 0.1875
3 0.110546875 0.2569444444444444 0.04921875 0.16666666666666666
2 0.05 0.28680555555555554 0.0578125 0.12083333333333333
