11 0.25234375 0.6819444444444445 0.0890625 0.1
10 0.168359375 0.9388888888888889 0.07265625 0.10833333333333334
12 0.24609375 0.9222222222222223 0.0515625 0.14166666666666666
9 0.159375 0.7104166666666667 0.078125 0.10416666666666667
8 0.187109375 0.34375 0.10078125 0.2013888888888889
7 0.196875 0.49375 0.0953125 0.05416666666666667
4 0.25 0.2263888888888889 0.0484375 0.1388888888888889
3 0.11796875 0.24097222222222223 0.0609375 0.1736111111111111
1 0.11015625 0.5631944444444444 0.0484375 0.10694444444444444
0 0.18125 0.09791666666666667 0.0703125 0.1486111111111111
