11 0.244140625 0.7006944444444444 0.07109375 0.0875
10 0.134765625 0.9361111111111111 0.09765625 0.07222222222222222
12 0.254296875 0.9444444444444444 0.08515625 0.08055555555555556
9 0.161328125 0.7048611111111112 0.07890625 0.10138888888888889
8 0.19765625 0.36666666666666664 0.084375 0.19166666666666668
7 0.20625 0.5097222222222222 0.0921875 0.05277777777777778
5 0.31640625 0.29097222222222224 0.0609375 0.15138888888888888
4 0.253125 0.24166666666666667 0.0515625 0.19722222222222222
1 0.0890625 0.4 0.0703125 0.1388888888888889
0 0.18125 0.11597222222222223 0.0640625 0.13472222222222222
