6 0.30625 0.5076388888888889 0.065625 0.10416666666666667
7 0.164453125 0.4798611111111111 0.08046875 0.0763888888888889
8 0.19765625 0.34375 0.053125 0.2263888888888889
9 0.118359375 0.6930555555555555 0.07109375 0.1111111111111111
10 0.11484375 0.9347222222222222 0.0640625 0.10277777777777777
11 0.209375 0.6965277777777777 0.0828125 0.10416666666666667
12 0.246484375 0.9340277777777778 0.07734375 0.10416666666666667
0 0.248828125 0.18680555555555556 0.05234375 0.10138888888888889
1 0.28359375 0.09861111111111111 0.05625 0.13055555555555556
2 0.16796875 0.09305555555555556 0.0703125 0.1
