12 0.264453125 0.8763888888888889 0.07578125 0.16666666666666666
0 0.22109375 0.12986111111111112 0.0703125 0.10416666666666667
2 0.0921875 0.26180555555555557 0.05625 0.11527777777777778
3 0.14140625 0.16875 0.0609375 0.10138888888888889
6 0.31796875 0.4125 0.053125 0.09722222222222222
7 0.191015625 0.4909722222222222 0.11640625 0.04861111111111111
8 0.2015625 0.35833333333333334 0.0890625 0.20555555555555555
9 0.166015625 0.7145833333333333 0.07890625 0.10972222222222222
10 0.1625 0.9395833333333333 0.0640625 0.0875
11 0.27421875 0.6340277777777777 0.090625 0.11527777777777778
