0 0.253125 0.10902777777777778 0.0671875 0.1625
1 0.231640625 0.27569444444444446 0.06953125 0.10694444444444444
2 0.136328125 0.28402777777777777 0.05390625 0.10972222222222222
3 0.16953125 0.17291666666666666 0.059375 0.08194444444444444
4 0.28984375 0.2222222222222222 0.03125 0.10555555555555556
5 0.316796875 0.3076388888888889 0.03828125 0.1375
6 0.396484375 0.3055555555555556 0.06796875 0.09166666666666666
7 0.234375 0.475 0.1125 0.05555555555555555
8 0.24140625 0.3840277777777778 0.0875 0.15694444444444444
9 0.180859375 0.7104166666666667 0.07578125 0.10138888888888889
10 0.1828125 0.9326388888888889 0.0578125 0.10416666666666667
11 0.3 0.6916666666666667 0.075 0.10277777777777777
12 0.277734375 0.9243055555555556 0.08828125 0.12638888888888888
