5 0.7471131639722863 0.29280575539568343 0.09699769053117784 0.09352517985611511
4 0.6720554272517321 0.1985611510791367 0.10623556581986143 0.13093525179856116
3 0.3435334872979215 0.21079136690647482 0.12817551963048499 0.1093525179856115
2 0.27829099307159355 0.30971223021582733 0.14318706697459585 0.09136690647482014
1 0.40011547344110854 0.40863309352517985 0.10046189376443418 0.09928057553956834
0 0.4942263279445728 0.09172661870503597 0.13394919168591224 0.14172661870503597
12 0.6189376443418014 0.810431654676259 0.16628175519630484 0.11151079136690648
11 0.5877598152424942 0.6496402877697842 0.12009237875288684 0.08201438848920864
10 0.3891454965357968 0.8571942446043166 0.13856812933025403 0.09136690647482014
9 0.4018475750577367 0.6557553956834532 0.14318706697459585 0.11151079136690648
8 0.48903002309468824 0.28381294964028775 0.1997690531177829 0.20071942446043164
7 0.5092378752886836 0.4370503597122302 0.11316397228637413 0.046762589928057555
6 0.6143187066974596 0.41115107913669063 0.11547344110854503 0.0856115107913669
