0 0.42408376963350786 0.09192307692307693 0.14031413612565444 0.11615384615384615
12 0.6141361256544503 0.9515384615384616 0.1518324607329843 0.06307692307692307
11 0.5910994764397905 0.7303846153846154 0.13926701570680627 0.10230769230769231
10 0.29685863874345547 0.9403846153846154 0.218848167539267 0.07615384615384616
9 0.3706806282722513 0.7384615384615385 0.12984293193717278 0.09846153846153846
8 0.42408376963350786 0.3330769230769231 0.17382198952879582 0.19384615384615383
7 0.4225130890052356 0.465 0.1706806282722513 0.05307692307692308
5 0.5821989528795811 0.37653846153846154 0.1068062827225131 0.07461538461538461
4 0.5827225130890052 0.23038461538461538 0.09738219895287958 0.14076923076923076
3 0.32722513089005234 0.26 0.05549738219895288 0.09384615384615384
2 0.3136125654450262 0.36846153846153845 0.05130890052356021 0.055384615384615386
1 0.2973821989528796 0.5319230769230769 0.05235602094240838 0.08692307692307692
