5 0.6916299559471366 0.3647260273972603 0.1145374449339207 0.14726027397260275
6 0.4933920704845815 0.5496575342465754 0.12334801762114538 0.1267123287671233
4 0.6321585903083701 0.2345890410958904 0.11894273127753303 0.2089041095890411
3 0.31497797356828194 0.2191780821917808 0.11894273127753303 0.19863013698630136
2 0.22026431718061673 0.3287671232876712 0.1145374449339207 0.136986301369863
1 0.21145374449339208 0.488013698630137 0.09691629955947137 0.09246575342465753
0 0.43392070484581496 0.1386986301369863 0.13656387665198239 0.1952054794520548
12 0.8788546255506607 0.8561643835616438 0.17180616740088106 0.17123287671232876
11 0.7709251101321586 0.583904109589041 0.10572687224669604 0.17465753424657535
10 0.2488986784140969 0.6078767123287672 0.1277533039647577 0.1267123287671233
9 0.1696035242290749 0.8476027397260274 0.2511013215859031 0.13356164383561644
