6 0.334375 0.4965277777777778 0.053125 0.1125
5 0.3171875 0.30486111111111114 0.0515625 0.14027777777777778
4 0.25859375 0.24791666666666667 0.053125 0.20416666666666666
3 0.1453125 0.2361111111111111 0.0515625 0.125
1 0.11484375 0.45416666666666666 0.040625 0.10833333333333334
0 0.186328125 0.1284722222222222 0.05546875 0.15416666666666667
12 0.27421875 0.9333333333333333 0.0640625 0.10555555555555556
11 0.237890625 0.7048611111111112 0.07109375 0.08194444444444444
10 0.183984375 0.9486111111111111 0.08671875 0.05555555555555555
9 0.163671875 0.7180555555555556 0.06484375 0.10277777777777777
8 0.19375 0.3784722222222222 0.0875 0.1597222222222222
7 0.208984375 0.5013888888888889 0.08515625 0.05277777777777778
