1 0.087890625 0.43194444444444446 0.05546875 0.10833333333333334
0 0.17421875 0.15763888888888888 0.0734375 0.14583333333333334
12 0.274609375 0.9263888888888889 0.04765625 0.11388888888888889
11 0.266796875 0.70625 0.06640625 0.09027777777777778
10 0.1546875 0.9395833333333333 0.09375 0.08472222222222223
9 0.190625 0.7131944444444445 0.06875 0.10138888888888889
8 0.19375 0.40347222222222223 0.090625 0.17083333333333334
7 0.219921875 0.5298611111111111 0.07734375 0.04583333333333333
6 0.301171875 0.5444444444444444 0.03828125 0.09722222222222222
5 0.295703125 0.3611111111111111 0.05390625 0.08611111111111111
4 0.254296875 0.21805555555555556 0.06640625 0.1527777777777778
3 0.131640625 0.2361111111111111 0.05390625 0.11388888888888889
2 0.09453125 0.28958333333333336 0.05625 0.07083333333333333
