12 0.284375 0.9298611111111111 0.071875 0.10138888888888889
11 0.272265625 0.7166666666666667 0.06328125 0.08888888888888889
10 0.185546875 0.9215277777777777 0.04609375 0.14027777777777778
9 0.191015625 0.7201388888888889 0.07265625 0.07916666666666666
8 0.233203125 0.3486111111111111 0.10390625 0.20833333333333334
7 0.230859375 0.47638888888888886 0.12265625 0.07222222222222222
6 0.353515625 0.4465277777777778 0.05859375 0.09027777777777778
5 0.316796875 0.32083333333333336 0.03359375 0.10277777777777777
4 0.28125 0.21180555555555555 0.0359375 0.1486111111111111
3 0.16484375 0.19305555555555556 0.0515625 0.12222222222222222
2 0.10234375 0.28194444444444444 0.05625 0.11944444444444445
0 0.22578125 0.10625 0.0703125 0.14027777777777778
