4 0.246484375 0.22430555555555556 0.08359375 0.19305555555555556
3 0.11015625 0.25625 0.065625 0.15416666666666667
2 0.045703125 0.2965277777777778 0.05078125 0.11527777777777778
1 0.019921875 0.4236111111111111 0.03984375 0.075
0 0.15234375 0.14166666666666666 0.0703125 0.13333333333333333
12 0.27578125 0.9236111111111112 0.0703125 0.08888888888888889
11 0.266015625 0.7298611111111111 0.08046875 0.08472222222222223
10 0.16484375 0.9388888888888889 0.0921875 0.06944444444444445
9 0.179296875 0.7298611111111111 0.07109375 0.09861111111111111
8 0.18359375 0.37916666666666665 0.1234375 0.20555555555555555
7 0.213671875 0.5013888888888889 0.09609375 0.05277777777777778
6 0.38828125 0.3576388888888889 0.05625 0.12361111111111112
5 0.304296875 0.24375 0.05390625 0.12916666666666668
