5 0.310546875 0.22777777777777777 0.06796875 0.14722222222222223
4 0.240234375 0.21319444444444444 0.06640625 0.17083333333333334
3 0.109765625 0.2423611111111111 0.05234375 0.11527777777777778
2 0.06640625 0.2777777777777778 0.0640625 0.09444444444444444
0 0.1578125 0.14791666666666667 0.0609375 0.14027777777777778
12 0.27734375 0.9305555555555556 0.078125 0.1
11 0.270703125 0.7277777777777777 0.07265625 0.09444444444444444
10 0.161328125 0.9375 0.07890625 0.08888888888888889
9 0.187109375 0.725 0.06953125 0.09444444444444444
8 0.20078125 0.4048611111111111 0.096875 0.19027777777777777
7 0.221484375 0.5131944444444444 0.08671875 0.05138888888888889
