4 0.2390625 0.30416666666666664 0.05 0.2
5 0.291796875 0.36666666666666664 0.07109375 0.12222222222222222
6 0.284765625 0.5673611111111111 0.05390625 0.1125
7 0.196484375 0.5104166666666666 0.08671875 0.043055555555555555
12 0.26328125 0.9347222222222222 0.09375 0.10555555555555556
11 0.243359375 0.7111111111111111 0.08828125 0.07777777777777778
10 0.15234375 0.9215277777777777 0.0921875 0.09027777777777778
9 0.153125 0.7152777777777778 0.0765625 0.08888888888888889
8 0.17734375 0.3875 0.1046875 0.16111111111111112
3 0.109765625 0.2826388888888889 0.05859375 0.17916666666666667
1 0.075 0.5229166666666667 0.0390625 0.1125
0 0.170703125 0.16875 0.06171875 0.15138888888888888
