1 0.25703125 0.2388888888888889 0.0703125 0.1
0 0.260546875 0.09652777777777778 0.06484375 0.11527777777777778
12 0.283984375 0.9256944444444445 0.07734375 0.13194444444444445
11 0.297265625 0.6958333333333333 0.07109375 0.125
9 0.192578125 0.6944444444444444 0.08359375 0.12222222222222222
10 0.190625 0.9152777777777777 0.071875 0.14444444444444443
8 0.2578125 0.36180555555555555 0.08125 0.18194444444444444
7 0.241796875 0.4909722222222222 0.11328125 0.06527777777777778
6 0.4125 0.2972222222222222 0.0625 0.10833333333333334
5 0.337109375 0.3159722222222222 0.03203125 0.14027777777777778
4 0.304296875 0.22430555555555556 0.03984375 0.12083333333333333
3 0.1875 0.17430555555555555 0.0453125 0.05138888888888889
2 0.15390625 0.24305555555555555 0.0546875 0.1111111111111111
