0 0.435 0.14574468085106382 0.16333333333333333 0.15531914893617021
1 0.13166666666666665 0.32872340425531915 0.12333333333333334 0.1127659574468085
2 0.23333333333333334 0.3638297872340426 0.06666666666666667 0.09361702127659574
3 0.285 0.26382978723404255 0.10333333333333333 0.1276595744680851
4 0.5483333333333333 0.2691489361702128 0.09666666666666666 0.13404255319148936
5 0.6183333333333333 0.35 0.09 0.12127659574468085
6 0.82 0.35 0.14 0.09574468085106383
7 0.43666666666666665 0.46063829787234045 0.24 0.07872340425531915
8 0.43666666666666665 0.3638297872340426 0.17333333333333334 0.18723404255319148
9 0.36333333333333334 0.6957446808510638 0.12 0.08936170212765958
10 0.37333333333333335 0.9085106382978724 0.11333333333333333 0.07659574468085106
11 0.485 0.6957446808510638 0.13666666666666666 0.08085106382978724
12 0.5316666666666666 0.8638297872340426 0.23 0.10638297872340426
