8 0.5144341801385681 0.4623076923076923 0.1605080831408776 0.13230769230769232
7 0.5150115473441108 0.5361538461538462 0.18013856812933027 0.06307692307692307
6 0.924364896073903 0.3030769230769231 0.10277136258660508 0.10153846153846154
5 0.7575057736720554 0.3726923076923077 0.07621247113163972 0.10230769230769231
4 0.6200923787528868 0.36923076923076925 0.10854503464203233 0.1276923076923077
3 0.37528868360277134 0.3803846153846154 0.09468822170900693 0.10846153846153846
2 0.2540415704387991 0.42846153846153845 0.07621247113163972 0.09692307692307692
1 0.08545034642032333 0.3607692307692308 0.09699769053117784 0.12307692307692308
0 0.4659353348729792 0.2846153846153846 0.11431870669745958 0.12307692307692308
11 0.5762124711316398 0.7057692307692308 0.09237875288683603 0.07307692307692308
9 0.45958429561200925 0.7011538461538461 0.09930715935334873 0.07923076923076923
10 0.4797921478060046 0.8676923076923077 0.07505773672055427 0.06307692307692307
