0 0.4604377104377104 0.1 0.06902356902356903 0.15555555555555556
12 0.4537037037037037 0.9333333333333333 0.07575757575757576 0.0691358024691358
11 0.49915824915824913 0.6703703703703704 0.06902356902356903 0.08148148148148149
10 0.21801346801346802 0.8506172839506173 0.06565656565656566 0.08641975308641975
9 0.36195286195286197 0.6567901234567901 0.05723905723905724 0.08395061728395062
8 0.4276094276094276 0.31234567901234567 0.08417508417508418 0.24938271604938272
7 0.414983164983165 0.44074074074074077 0.14983164983164984 0.06666666666666667
6 0.5471380471380471 0.4617283950617284 0.03367003367003367 0.07407407407407407
5 0.5370370370370371 0.35185185185185186 0.04713804713804714 0.056790123456790124
4 0.5109427609427609 0.2222222222222222 0.04208754208754209 0.07901234567901234
3 0.35353535353535354 0.2074074074074074 0.04040404040404041 0.07901234567901234
2 0.27441077441077444 0.2975308641975309 0.04713804713804714 0.06172839506172839
1 0.2079124579124579 0.4024691358024691 0.03535353535353535 0.0691358024691358
