0 0.617003367003367 0.11097560975609756 0.07912457912457913 0.14878048780487804
12 0.8947811447811448 0.8329268292682926 0.05555555555555555 0.11951219512195121
11 0.8164983164983165 0.6658536585365854 0.05723905723905724 0.07804878048780488
10 0.7533670033670034 0.9207317073170732 0.058922558922558925 0.0951219512195122
9 0.6893939393939394 0.698780487804878 0.0723905723905724 0.07073170731707316
8 0.6826599326599326 0.3548780487804878 0.12962962962962962 0.2121951219512195
7 0.7222222222222222 0.5182926829268293 0.16161616161616163 0.05609756097560976
6 0.8459595959595959 0.3378048780487805 0.04208754208754209 0.07073170731707316
5 0.7878787878787878 0.25609756097560976 0.037037037037037035 0.07317073170731707
4 0.7154882154882155 0.18292682926829268 0.05387205387205387 0.07804878048780488
3 0.5858585858585859 0.25365853658536586 0.04377104377104377 0.08780487804878048
2 0.5395622895622896 0.36829268292682926 0.06565656565656566 0.08292682926829269
1 0.4444444444444444 0.44634146341463415 0.06397306397306397 0.07804878048780488
