0 0.5053003533568905 0.12470588235294118 0.08480565371024736 0.16470588235294117
12 0.6740282685512368 0.9105882352941177 0.06537102473498234 0.09411764705882353
11 0.6051236749116607 0.7058823529411765 0.06537102473498234 0.08941176470588236
10 0.48851590106007065 0.8964705882352941 0.09010600706713781 0.08941176470588236
9 0.4452296819787986 0.6752941176470588 0.09187279151943463 0.08470588235294117
8 0.523851590106007 0.3776470588235294 0.1431095406360424 0.3176470588235294
7 0.5335689045936396 0.4835294117647059 0.1625441696113074 0.058823529411764705
6 0.5565371024734982 0.4647058823529412 0.04946996466431095 0.07294117647058823
5 0.6166077738515902 0.37058823529411766 0.06713780918727916 0.05411764705882353
4 0.588339222614841 0.23176470588235293 0.045936395759717315 0.08235294117647059
3 0.450530035335689 0.2388235294117647 0.0353356890459364 0.09176470588235294
2 0.44787985865724383 0.36 0.037102473498233215 0.07529411764705882
1 0.38869257950530034 0.5176470588235295 0.06007067137809187 0.07058823529411765
