0 0.490625 0.14754098360655737 0.071875 0.1592505854800937
12 0.29140625 0.8067915690866511 0.0546875 0.16159250585480095
11 0.3828125 0.6791569086651054 0.040625 0.10772833723653395
10 0.38671875 0.8536299765807962 0.0578125 0.1053864168618267
9 0.4515625 0.6018735362997658 0.059375 0.12177985948477751
8 0.4765625 0.34894613583138173 0.10625 0.3044496487119438
7 0.4515625 0.47540983606557374 0.15 0.08430913348946135
6 0.55859375 0.4028103044496487 0.0421875 0.07494145199063232
5 0.61171875 0.34543325526932084 0.0390625 0.0585480093676815
4 0.565625 0.2388758782201405 0.04375 0.0702576112412178
3 0.40078125 0.21662763466042154 0.0359375 0.09133489461358314
2 0.35703125 0.26346604215456676 0.0359375 0.09601873536299765
1 0.33359375 0.4016393442622951 0.0578125 0.09601873536299765
