0 0.4822916666666667 0.2388888888888889 0.06458333333333334 0.12222222222222222
12 0.5239583333333333 0.9541666666666667 0.05625 0.06388888888888888
11 0.5260416666666666 0.7888888888888889 0.04791666666666667 0.06666666666666667
10 0.43854166666666666 0.9402777777777778 0.04791666666666667 0.09166666666666666
9 0.44479166666666664 0.7763888888888889 0.05625 0.08055555555555556
8 0.4895833333333333 0.4083333333333333 0.1125 0.21666666666666667
7 0.49166666666666664 0.5513888888888889 0.13333333333333333 0.06388888888888888
6 0.615625 0.12361111111111112 0.052083333333333336 0.09722222222222222
5 0.609375 0.2638888888888889 0.035416666666666666 0.06111111111111111
4 0.565625 0.3236111111111111 0.027083333333333334 0.08611111111111111
3 0.43020833333333336 0.3194444444444444 0.03125 0.14444444444444443
2 0.384375 0.24722222222222223 0.04791666666666667 0.06111111111111111
1 0.396875 0.12083333333333333 0.04375 0.08055555555555556
