0 0.5470588235294118 0.14960629921259844 0.0957983193277311 0.1942257217847769
12 0.5319327731092437 0.9173228346456693 0.04873949579831933 0.11286089238845144
11 0.44285714285714284 0.9094488188976378 0.07226890756302522 0.13910761154855644
10 0.23277310924369748 0.9212598425196851 0.052100840336134456 0.08923884514435695
9 0.2957983193277311 0.8923884514435696 0.05042016806722689 0.12073490813648294
8 0.4991596638655462 0.4658792650918635 0.12436974789915967 0.35958005249343833
7 0.44789915966386556 0.6023622047244095 0.19327731092436976 0.17585301837270342
6 0.8445378151260504 0.2099737532808399 0.08907563025210084 0.10498687664041995
5 0.7159663865546219 0.3333333333333333 0.05714285714285714 0.13123359580052493
4 0.6386554621848739 0.3425196850393701 0.05714285714285714 0.16535433070866143
3 0.45546218487394957 0.29396325459317585 0.05714285714285714 0.14173228346456693
2 0.3563025210084034 0.32808398950131235 0.07058823529411765 0.11023622047244094
1 0.18067226890756302 0.3241469816272966 0.1092436974789916 0.09186351706036745
