0 0.38047138047138046 0.21518987341772153 0.13131313131313133 0.19240506329113924
8 0.4663299663299663 0.5924050632911393 0.21548821548821548 0.3139240506329114
7 0.5345117845117845 0.830379746835443 0.2474747474747475 0.09620253164556962
6 0.8872053872053872 0.479746835443038 0.10437710437710437 0.1240506329113924
5 0.6792929292929293 0.4316455696202532 0.06902356902356903 0.1341772151898734
4 0.5488215488215489 0.35063291139240504 0.07744107744107744 0.10886075949367088
3 0.34764309764309764 0.49493670886075947 0.06565656565656566 0.14936708860759493
2 0.3425925925925926 0.669620253164557 0.08249158249158249 0.09367088607594937
1 0.31313131313131315 0.8810126582278481 0.05723905723905724 0.11645569620253164
0 0.6162790697674418 0.14977973568281938 0.08305647840531562 0.16740088105726872
12 0.3995016611295681 0.9284140969162996 0.11461794019933555 0.10352422907488987
11 0.5357142857142857 0.7477973568281938 0.061461794019933555 0.11674008810572688
10 0.8596345514950167 0.7566079295154186 0.06478405315614617 0.15638766519823788
9 0.6794019933554817 0.737885462555066 0.07973421926910298 0.0881057268722467
8 0.6420265780730897 0.4118942731277533 0.12458471760797342 0.3700440528634361
7 0.6362126245847176 0.579295154185022 0.14950166112956811 0.03524229074889868
6 0.7151162790697675 0.5407488986784141 0.054817275747508304 0.09030837004405286
5 0.7591362126245847 0.3777533039647577 0.05647840531561462 0.07268722466960352
4 0.7167774086378738 0.2665198237885463 0.04817275747508306 0.1013215859030837
3 0.5415282392026578 0.26762114537444937 0.04983388704318937 0.0947136563876652
2 0.5274086378737541 0.3744493392070485 0.054817275747508304 0.05726872246696035
1 0.5141196013289037 0.5176211453744494 0.054817275747508304 0.1013215859030837
