0 0.654052734375 0.13509114583333334 0.13818359375 0.19986979166666666
11 0.7890625 0.8974609375 0.091796875 0.10091145833333333
9 0.472900390625 0.9651692708333334 0.09619140625 0.06315104166666667
8 0.6103515625 0.4586588541666667 0.15234375 0.3704427083333333
7 0.581298828125 0.6930338541666666 0.23388671875 0.06575520833333333
6 0.868408203125 0.6598307291666666 0.11279296875 0.134765625
5 0.774658203125 0.4964192708333333 0.09423828125 0.043619791666666664
4 0.736328125 0.3313802083333333 0.0419921875 0.08333333333333333
2 0.54052734375 0.2877604166666667 0.0576171875 0.109375
1 0.409912109375 0.4615885416666667 0.07080078125 0.07421875
1 0.4306640625 0.7233072916666666 0.076171875 0.14322916666666666
