0 0.4603494623655914 0.153125 0.14919354838709678 0.19166666666666668
12 0.5356182795698925 0.8401041666666667 0.0846774193548387 0.09479166666666666
10 0.2661290322580645 0.925 0.12634408602150538 0.06458333333333334
9 0.24731182795698925 0.7135416666666666 0.11290322580645161 0.09375
8 0.45631720430107525 0.3385416666666667 0.1868279569892473 0.24791666666666667
7 0.4260752688172043 0.48385416666666664 0.29301075268817206 0.06979166666666667
6 0.7849462365591398 0.41041666666666665 0.07258064516129033 0.041666666666666664
5 0.7184139784946236 0.2953125 0.06317204301075269 0.06770833333333333
4 0.625 0.26666666666666666 0.06720430107526881 0.09375
3 0.3346774193548387 0.23177083333333334 0.08602150537634409 0.08229166666666667
2 0.2842741935483871 0.37447916666666664 0.06854838709677419 0.07604166666666666
1 0.46706989247311825 0.334375 0.09274193548387097 0.06875
