0 0.5045518207282913 0.08455625436757512 0.11974789915966387 0.13417190775681342
12 0.8700980392156863 0.7288609364081062 0.15056022408963585 0.11600279524807827
11 0.5798319327731093 0.6663172606568833 0.07142857142857142 0.08315863032844165
10 0.43522408963585435 0.9182389937106918 0.07072829131652661 0.050314465408805034
9 0.3760504201680672 0.6593291404612159 0.0938375350140056 0.07896575821104122
8 0.4989495798319328 0.316911250873515 0.13655462184873948 0.24528301886792453
7 0.5059523809523809 0.4891684136967156 0.18277310924369747 0.06429070580013976
6 0.9215686274509803 0.38784067085953877 0.07563025210084033 0.08385744234800839
5 0.7661064425770309 0.3137665967854647 0.04341736694677871 0.09643605870020965
4 0.6165966386554622 0.2236198462613557 0.062324929971988796 0.12578616352201258
3 0.41456582633053224 0.23410202655485673 0.0700280112044818 0.10761705101327743
2 0.31092436974789917 0.23410202655485673 0.06162464985994398 0.07547169811320754
1 0.12605042016806722 0.2236198462613557 0.06302521008403361 0.07127882599580712
