0 0.42431640625 0.1656891495601173 0.0791015625 0.18181818181818182
12 0.56005859375 0.8980938416422287 0.0615234375 0.08944281524926687
11 0.5068359375 0.626099706744868 0.0625 0.10263929618768329
10 0.7685546875 0.8673020527859238 0.064453125 0.13636363636363635
9 0.615234375 0.7023460410557185 0.072265625 0.08797653958944282
8 0.4697265625 0.3717008797653959 0.13671875 0.1627565982404692
6 0.669921875 0.4435483870967742 0.046875 0.13636363636363635
5 0.6064453125 0.31158357771260997 0.029296875 0.10703812316715543
4 0.529296875 0.2558651026392962 0.060546875 0.1158357771260997
3 0.37890625 0.31451612903225806 0.056640625 0.14222873900293256
2 0.326171875 0.40249266862170086 0.041015625 0.08944281524926687
1 0.2763671875 0.4904692082111437 0.044921875 0.08357771260997067
