0 0.35583333333333333 0.11053412462908012 0.08833333333333333 0.1884272997032641
12 0.36333333333333334 0.9606824925816023 0.04666666666666667 0.06676557863501484
10 0.4891666666666667 0.8620178041543026 0.065 0.142433234421365
9 0.4066666666666667 0.7129080118694362 0.065 0.1083086053412463
8 0.3670833333333333 0.38130563798219586 0.1375 0.2522255192878338
7 0.40291666666666665 0.5244807121661721 0.1775 0.08753709198813056
6 0.37083333333333335 0.35756676557863504 0.07166666666666667 0.0830860534124629
5 0.47791666666666666 0.29821958456973297 0.06416666666666666 0.08902077151335312
4 0.42541666666666667 0.2158753709198813 0.0525 0.07270029673590504
3 0.3045833333333333 0.2789317507418398 0.049166666666666664 0.11572700296735905
2 0.2629166666666667 0.35682492581602376 0.059166666666666666 0.10237388724035608
1 0.175 0.39762611275964393 0.05333333333333334 0.0771513353115727
