0 0.48358585858585856 0.18097643097643099 0.10858585858585859 0.13636363636363635
12 0.5593434343434344 0.8585858585858586 0.1388888888888889 0.08754208754208755
11 0.5315656565656566 0.6498316498316499 0.09343434343434344 0.08417508417508418
9 0.24242424242424243 0.6515151515151515 0.09090909090909091 0.05723905723905724
10 0.3055555555555556 0.7079124579124579 0.08080808080808081 0.08249158249158249
8 0.48737373737373735 0.3383838383838384 0.21717171717171718 0.17845117845117844
7 0.45580808080808083 0.44865319865319864 0.26515151515151514 0.10606060606060606
6 0.9179292929292929 0.18518518518518517 0.09343434343434344 0.07407407407407407
5 0.7335858585858586 0.2079124579124579 0.04292929292929293 0.08585858585858586
4 0.6186868686868687 0.2297979797979798 0.0707070707070707 0.11952861952861953
3 0.36237373737373735 0.2676767676767677 0.07323232323232323 0.12794612794612795
2 0.2398989898989899 0.37373737373737376 0.06060606060606061 0.10101010101010101
1 0.10606060606060606 0.49242424242424243 0.09090909090909091 0.1127946127946128
