0 0.4375 0.13137755102040816 0.165 0.14540816326530612
12 0.665 0.8125 0.13 0.1096938775510204
11 0.5325 0.6160714285714286 0.125 0.09948979591836735
10 0.55 0.8303571428571429 0.07 0.13520408163265307
9 0.345 0.6989795918367347 0.11 0.10204081632653061
8 0.475 0.2997448979591837 0.32 0.1760204081632653
7 0.4825 0.4260204081632653 0.405 0.08673469387755102
5 0.83 0.2512755102040816 0.07 0.1096938775510204
4 0.64 0.19770408163265307 0.13 0.1556122448979592
3 0.265 0.23469387755102042 0.13 0.1377551020408163
2 0.2 0.34311224489795916 0.09 0.11989795918367346
