0 0.5034722222222222 0.10777777777777778 0.07361111111111111 0.15777777777777777
12 0.4513888888888889 0.9177777777777778 0.05555555555555555 0.10222222222222223
11 0.5173611111111112 0.6888888888888889 0.05694444444444444 0.10666666666666667
9 0.4131944444444444 0.6755555555555556 0.05416666666666667 0.10222222222222223
8 0.5194444444444445 0.3233333333333333 0.1111111111111111 0.2288888888888889
7 0.51875 0.47333333333333333 0.15138888888888888 0.07555555555555556
6 0.7875 0.10444444444444445 0.05 0.057777777777777775
5 0.6819444444444445 0.1811111111111111 0.044444444444444446 0.07333333333333333
4 0.5916666666666667 0.19 0.06111111111111111 0.11333333333333333
3 0.46111111111111114 0.25 0.06388888888888888 0.10888888888888888
2 0.41805555555555557 0.36777777777777776 0.058333333333333334 0.08222222222222222
1 0.3326388888888889 0.5311111111111111 0.043055555555555555 0.09333333333333334
0 0.8861111111111111 0.10666666666666667 0.08055555555555556 0.13333333333333333
12 0.8451388888888889 0.9133333333333333 0.0763888888888889 0.10222222222222223
11 0.8555555555555555 0.6311111111111111 0.058333333333333334 0.11555555555555555
10 0.6090277777777777 0.7866666666666666 0.05416666666666667 0.11555555555555555
9 0.7277777777777777 0.6877777777777778 0.05 0.09111111111111111
8 0.8416666666666667 0.29777777777777775 0.06388888888888888 0.2222222222222222
7 0.8104166666666667 0.4411111111111111 0.1125 0.06444444444444444
6 0.9729166666666667 0.37777777777777777 0.04861111111111111 0.057777777777777775
4 0.9118055555555555 0.23444444444444446 0.04027777777777778 0.1
5 0.9402777777777778 0.3711111111111111 0.027777777777777776 0.08888888888888889
3 0.8104166666666667 0.22333333333333333 0.04861111111111111 0.08666666666666667
2 0.7472222222222222 0.31 0.03611111111111111 0.051111111111111114
1 0.7472222222222222 0.4622222222222222 0.03611111111111111 0.07555555555555556
0 0.5 0.20375521557719053 0.1024390243902439 0.15159944367176634
12 0.1991869918699187 0.9401947148817803 0.06016260162601626 0.10013908205841446
11 0.3382113821138211 0.8122392211404729 0.06829268292682927 0.09735744089012517
9 0.3650406504065041 0.56884561891516 0.08292682926829269 0.11126564673157163
10 0.23658536585365852 0.7899860917941586 0.10569105691056911 0.10292072322670376
8 0.4869918699186992 0.3852573018080668 0.17073170731707318 0.20584144645340752
7 0.483739837398374 0.4847009735744089 0.21951219512195122 0.09596662030598054
6 0.634959349593496 0.4325452016689847 0.06016260162601626 0.08623087621696801
5 0.7040650406504065 0.3956884561891516 0.03902439024390244 0.08762169680111266
4 0.6073170731707317 0.3087621696801113 0.08617886178861789 0.1474269819193324
3 0.3967479674796748 0.3219749652294854 0.08130081300813008 0.12378303198887343
2 0.27967479674796747 0.40264255910987484 0.04552845528455285 0.06258692628650904
1 0.22276422764227644 0.5146036161335188 0.061788617886178863 0.07510431154381085
