0 0.3921348314606742 0.1693548387096774 0.10112359550561797 0.1827956989247312
11 0.6089887640449438 0.8387096774193549 0.0853932584269663 0.11290322580645161
9 0.3831460674157303 0.8387096774193549 0.08764044943820225 0.12903225806451613
8 0.46292134831460674 0.4825268817204301 0.2157303370786517 0.2661290322580645
7 0.4842696629213483 0.6303763440860215 0.25842696629213485 0.09946236559139784
6 0.5292134831460674 0.5161290322580645 0.0696629213483146 0.11290322580645161
5 0.5943820224719101 0.396505376344086 0.060674157303370786 0.10483870967741936
4 0.5179775280898876 0.32661290322580644 0.07865168539325842 0.13172043010752688
3 0.349438202247191 0.3870967741935484 0.08314606741573034 0.11827956989247312
2 0.31235955056179776 0.5134408602150538 0.058426966292134834 0.10752688172043011
1 0.27752808988764044 0.6989247311827957 0.056179775280898875 0.11827956989247312
