0 0.5337837837837838 0.2678018575851393 0.08558558558558559 0.09907120743034056
12 0.8701201201201201 0.8761609907120743 0.1066066066066066 0.14860681114551083
11 0.6726726726726727 0.7654798761609907 0.08708708708708708 0.09442724458204334
10 0.1614114114114114 0.8080495356037152 0.16066066066066065 0.13003095975232198
9 0.3108108108108108 0.6099071207430341 0.057057057057057055 0.09907120743034056
8 0.5135135135135135 0.45123839009287925 0.10510510510510511 0.12848297213622292
7 0.5382882882882883 0.5603715170278638 0.16966966966966968 0.06811145510835913
6 0.4009009009009009 0.15325077399380804 0.04504504504504504 0.09597523219814241
5 0.48348348348348347 0.31656346749226005 0.05105105105105105 0.09752321981424149
4 0.5848348348348348 0.35294117647058826 0.05555555555555555 0.08978328173374613
4 0.7087087087087087 0.48297213622291024 0.05405405405405406 0.08978328173374613
3 0.4339339339339339 0.336687306501548 0.03003003003003003 0.0696594427244582
2 0.3400900900900901 0.3080495356037152 0.07057057057057058 0.07739938080495357
