0 0.4699812382739212 0.174375 0.13696060037523453 0.14625
12 0.6604127579737336 0.81375 0.08630393996247655 0.13
11 0.6641651031894934 0.689375 0.08630393996247655 0.05625
10 0.4793621013133208 0.81125 0.10694183864915573 0.095
9 0.44183864915572235 0.613125 0.07692307692307693 0.07125
6 0.6819887429643527 0.5325 0.07692307692307693 0.0875
5 0.7514071294559099 0.368125 0.07692307692307693 0.09625
4 0.6219512195121951 0.3 0.11819887429643527 0.1
3 0.424953095684803 0.3025 0.06941838649155722 0.095
2 0.37429643527204504 0.34125 0.054409005628517824 0.0775
