0 0.5125 0.15333333333333332 0.125 0.16
12 0.7895833333333333 0.8916666666666667 0.1125 0.13
11 0.6770833333333334 0.6433333333333333 0.0625 0.08666666666666667
10 0.10625 0.8783333333333333 0.07916666666666666 0.18333333333333332
9 0.2125 0.6583333333333333 0.06666666666666667 0.14333333333333334
6 0.85625 0.5883333333333334 0.09583333333333334 0.07666666666666666
5 0.7208333333333333 0.4066666666666667 0.08333333333333333 0.1
4 0.6458333333333334 0.2633333333333333 0.10833333333333334 0.14666666666666667
3 0.3625 0.29333333333333333 0.125 0.14
2 0.3416666666666667 0.45166666666666666 0.075 0.10333333333333333
1 0.39791666666666664 0.6533333333333333 0.1125 0.17333333333333334
