0 0.340625 0.20168855534709193 0.09125 0.17823639774859287
11 0.34875 0.7889305816135085 0.045 0.08067542213883677
9 0.2075 0.800187617260788 0.0675 0.09568480300187618
6 0.30875 0.5900562851782364 0.0275 0.09193245778611632
5 0.379375 0.49624765478424016 0.04125 0.039399624765478425
4 0.39625 0.3630393996247655 0.0475 0.11819887429643527
3 0.244375 0.324577861163227 0.07375 0.150093808630394
2 0.17875 0.3799249530956848 0.05 0.08442776735459662
1 0.18125 0.5 0.035 0.09568480300187618
5 0.415 0.6144465290806754 0.055 0.09568480300187618
4 0.481875 0.48405253283302063 0.04625 0.1425891181988743
3 0.615 0.5234521575984991 0.0725 0.17636022514071295
2 0.64625 0.6566604127579737 0.0425 0.05628517823639775
