3 0.3666281755196305 0.2737410071942446 0.10969976905311778 0.13741007194244603
4 0.640877598152425 0.25539568345323743 0.10392609699769054 0.12661870503597122
6 0.6691685912240185 0.5100719424460431 0.06812933025404157 0.07913669064748201
7 0.5005773672055427 0.46654676258992805 0.24133949191685913 0.0539568345323741
8 0.49480369515011546 0.35 0.1997690531177829 0.17050359712230215
9 0.43071593533487296 0.6848920863309352 0.13163972286374134 0.07625899280575539
10 0.4428406466512702 0.8654676258992806 0.09584295612009237 0.10647482014388489
11 0.5854503464203233 0.689568345323741 0.14780600461893764 0.09568345323741007
12 0.5715935334872979 0.858273381294964 0.12471131639722864 0.07913669064748201
0 0.4792147806004619 0.13633093525179857 0.15704387990762125 0.12733812949640289
1 0.3371824480369515 0.5100719424460431 0.07852193995381063 0.0920863309352518
