0 0.492 0.2987987987987988 0.164 0.23723723723723725
1 0.313 0.6591591591591591 0.118 0.13513513513513514
3 0.479 0.4519519519519519 0.094 0.12912912912912913
4 0.613 0.33933933933933935 0.098 0.13213213213213212
5 0.615 0.44894894894894893 0.098 0.10510510510510511
6 0.425 0.6321321321321322 0.134 0.14714714714714713
7 0.645 0.6951951951951952 0.274 0.17717717717717718
9 0.501 0.7567567567567568 0.082 0.18018018018018017
10 0.287 0.8003003003003003 0.206 0.3213213213213213
11 0.898 0.7417417417417418 0.116 0.23423423423423423
