0 0.48 0.349375 0.06333333333333334 0.14375
0 0.68625 0.34 0.059166666666666666 0.105
0 0.7608333333333334 0.28 0.04666666666666667 0.0675
0 0.29833333333333334 0.366875 0.041666666666666664 0.07375
0 0.20666666666666667 0.35125 0.04666666666666667 0.07
12 0.575 0.853125 0.06333333333333334 0.09375
12 0.7408333333333333 0.74 0.043333333333333335 0.075
12 0.8041666666666667 0.64375 0.03666666666666667 0.055
11 0.57625 0.679375 0.04416666666666667 0.09875
11 0.7525 0.629375 0.043333333333333335 0.08375
11 0.8058333333333333 0.56875 0.03333333333333333 0.06
11 0.3625 0.625 0.03666666666666667 0.085
10 0.4041666666666667 0.861875 0.056666666666666664 0.08125
10 0.1525 0.65375 0.04833333333333333 0.0725
10 0.245 0.745 0.05 0.08
9 0.14791666666666667 0.549375 0.030833333333333334 0.07625
9 0.23083333333333333 0.629375 0.03833333333333333 0.06625
9 0.39166666666666666 0.698125 0.04 0.09375
9 0.6191666666666666 0.624375 0.03166666666666667 0.07125
5 0.34708333333333335 0.54125 0.0275 0.06
5 0.5570833333333334 0.560625 0.04416666666666667 0.07875
4 0.5408333333333334 0.450625 0.041666666666666664 0.10625
4 0.7254166666666667 0.424375 0.024166666666666666 0.06375
4 0.3458333333333333 0.440625 0.02666666666666667 0.07125
3 0.41375 0.474375 0.035833333333333335 0.06375
3 0.6345833333333334 0.431875 0.035833333333333335 0.08625
3 0.26375 0.460625 0.034166666666666665 0.08625
2 0.26166666666666666 0.539375 0.025 0.04625
2 0.39708333333333334 0.585 0.0275 0.0725
2 0.6145833333333334 0.510625 0.0225 0.04375
