3 0.43166666666666664 0.3761904761904762 0.06 0.1619047619047619
2 0.4708333333333333 0.5392857142857143 0.065 0.08333333333333333
1 0.5 0.7428571428571429 0.07333333333333333 0.047619047619047616
0 0.42833333333333334 0.175 0.11333333333333333 0.15476190476190477
0 0.15166666666666667 0.2619047619047619 0.08666666666666667 0.1619047619047619
6 0.5816666666666667 0.8095238095238095 0.05333333333333334 0.14761904761904762
5 0.6225 0.5226190476190476 0.07833333333333334 0.10714285714285714
4 0.6133333333333333 0.28214285714285714 0.09666666666666666 0.1880952380952381
4 0.24416666666666667 0.36666666666666664 0.058333333333333334 0.12857142857142856
5 0.24416666666666667 0.5416666666666666 0.051666666666666666 0.06904761904761905
