0 0.8129770992366412 0.6983002832861189 0.08091603053435115 0.16147308781869688
12 0.12137404580152672 0.8852691218130312 0.11145038167938931 0.11614730878186968
11 0.3183206106870229 0.8810198300283286 0.0900763358778626 0.10198300283286119
10 0.332824427480916 0.11331444759206799 0.08549618320610687 0.17563739376770537
9 0.43282442748091604 0.3980169971671388 0.0717557251908397 0.13314447592067988
7 0.5564885496183206 0.7889518413597734 0.04732824427480916 0.26912181303116145
5 0.8946564885496183 0.9178470254957507 0.06412213740458016 0.10764872521246459
4 0.7854961832061069 0.8937677053824362 0.059541984732824425 0.11048158640226628
3 0.7114503816793893 0.6954674220963173 0.06412213740458016 0.1274787535410765
2 0.6160305343511451 0.7662889518413598 0.04732824427480916 0.08781869688385269
1 0.7053435114503817 0.9320113314447592 0.07938931297709924 0.09631728045325778
