5 0.48307692307692307 0.603448275862069 0.06461538461538462 0.12852664576802508
4 0.4807692307692308 0.3928944618599791 0.07538461538461538 0.15256008359456635
4 0.8523076923076923 0.522466039707419 0.07846153846153846 0.18181818181818182
3 0.588076923076923 0.49634273772204807 0.08384615384615385 0.16927899686520376
2 0.23692307692307693 0.5966562173458725 0.0876923076923077 0.12539184952978055
3 0.24884615384615386 0.37983281086729365 0.08538461538461538 0.12225705329153605
5 0.8607692307692307 0.7910135841170324 0.07076923076923076 0.11703239289446186
0 0.735 0.2560083594566353 0.12538461538461537 0.27377220480668757
0 0.3984615384615385 0.1509926854754441 0.09538461538461539 0.23510971786833856
6 0.5988461538461538 0.764367816091954 0.08538461538461538 0.10553814002089865
