1 0.128 0.424 0.08 0.064
0 0.5386666666666666 0.273 0.16 0.126
12 0.7333333333333333 0.913 0.15466666666666667 0.094
11 0.7706666666666667 0.718 0.096 0.1
10 0.42 0.912 0.12 0.124
9 0.5306666666666666 0.759 0.09066666666666667 0.11
8 0.5626666666666666 0.443 0.18133333333333335 0.15
7 0.5693333333333334 0.58 0.216 0.056
6 0.8066666666666666 0.099 0.10933333333333334 0.082
5 0.716 0.231 0.06133333333333333 0.098
4 0.6533333333333333 0.355 0.058666666666666666 0.174
3 0.41733333333333333 0.37 0.09333333333333334 0.14
2 0.28 0.392 0.058666666666666666 0.072
