1 0.615606936416185 0.2783333333333333 0.03121387283236994 0.08666666666666667
0 0.5606936416184971 0.11583333333333333 0.07630057803468208 0.16166666666666665
12 0.5971098265895953 0.8308333333333333 0.07745664739884393 0.13166666666666665
11 0.6179190751445087 0.5941666666666666 0.06589595375722543 0.11166666666666666
10 0.4416184971098266 0.88 0.06473988439306358 0.12666666666666668
9 0.4722543352601156 0.6141666666666666 0.06358381502890173 0.105
7 0.4664739884393064 0.4691666666666667 0.11445086705202312 0.06166666666666667
5 0.6878612716763006 0.38166666666666665 0.03699421965317919 0.13333333333333333
3 0.49479768786127165 0.2941666666666667 0.06011560693641618 0.12166666666666667
2 0.5468208092485549 0.42333333333333334 0.06011560693641618 0.08666666666666667
