10 0.22055555555555556 0.9221824686940966 0.10111111111111111 0.1252236135957066
9 0.35388888888888886 0.7558139534883721 0.10111111111111111 0.17889087656529518
8 0.5411111111111111 0.4230769230769231 0.14888888888888888 0.18962432915921287
7 0.5355555555555556 0.592128801431127 0.18 0.13774597495527727
6 0.7238888888888889 0.09391771019677997 0.07222222222222222 0.10196779964221825
5 0.655 0.22584973166368516 0.06111111111111111 0.0885509838998211
4 0.6166666666666667 0.29919499105545616 0.08 0.1511627906976744
3 0.43333333333333335 0.29919499105545616 0.06666666666666667 0.1708407871198569
2 0.35444444444444445 0.22719141323792486 0.06666666666666667 0.14311270125223613
1 0.22611111111111112 0.0907871198568873 0.07 0.1368515205724508
11 0.6805555555555556 0.7607334525939177 0.11222222222222222 0.16905187835420393
