0 0.557 0.27088452088452086 0.13 0.15356265356265356
1 0.34 0.49385749385749383 0.08 0.11056511056511056
2 0.437 0.4527027027027027 0.086 0.09213759213759214
3 0.461 0.3654791154791155 0.078 0.12407862407862408
4 0.668 0.3495085995085995 0.084 0.1167076167076167
5 0.698 0.44717444717444715 0.088 0.07616707616707617
6 0.664 0.5632678132678133 0.076 0.13636363636363635
7 0.5 0.5171990171990172 0.216 0.14742014742014742
8 0.545 0.449017199017199 0.182 0.22727272727272727
9 0.261 0.5515970515970516 0.114 0.14004914004914004
11 0.48 0.6738329238329238 0.108 0.14619164619164618
12 0.397 0.8538083538083538 0.198 0.13267813267813267
