0 0.387 0.35435435435435436 0.074 0.12612612612612611
1 0.51 0.3153153153153153 0.052 0.08408408408408409
2 0.46 0.3708708708708709 0.044 0.08108108108108109
3 0.425 0.42042042042042044 0.05 0.1021021021021021
5 0.33 0.32432432432432434 0.04 0.09009009009009009
7 0.361 0.5495495495495496 0.106 0.1021021021021021
9 0.453 0.6171171171171171 0.046 0.1111111111111111
10 0.547 0.6651651651651652 0.07 0.11711711711711711
11 0.283 0.6591591591591591 0.038 0.08708708708708708
12 0.32 0.6141141141141141 0.056 0.09309309309309309
