6 0.646 0.09066666666666667 0.092 0.16533333333333333
6 0.588 0.08133333333333333 0.088 0.15733333333333333
1 0.191 0.09066666666666667 0.102 0.13333333333333333
9 0.249 0.29733333333333334 0.09 0.168
10 0.259 0.7933333333333333 0.13 0.31733333333333336
9 0.557 0.29333333333333333 0.138 0.26666666666666666
10 0.602 0.764 0.128 0.312
11 0.314 0.2853333333333333 0.12 0.23466666666666666
11 0.738 0.28933333333333333 0.144 0.22133333333333333
12 0.375 0.7053333333333334 0.11 0.31733333333333336
12 0.74 0.704 0.164 0.32
