0 0.493 0.41255006675567424 0.098 0.09345794392523364
1 0.489 0.5554072096128171 0.078 0.0801068090787717
2 0.395 0.5487316421895861 0.074 0.0801068090787717
3 0.42 0.48598130841121495 0.048 0.0774365821094793
4 0.58 0.48064085447263016 0.056 0.0774365821094793
5 0.615 0.5353805073431241 0.046 0.0774365821094793
6 0.56 0.5534045393858478 0.056 0.06275033377837116
7 0.529 0.6114819759679573 0.178 0.08277703604806408
8 0.512 0.5307076101468625 0.148 0.1375166889185581
9 0.492 0.7423230974632844 0.068 0.09078771695594126
10 0.505 0.855807743658211 0.078 0.07476635514018691
11 0.573 0.7970627503337784 0.062 0.09345794392523364
12 0.602 0.6962616822429907 0.076 0.08411214953271028
