0 0.495 0.3253652058432935 0.102 0.1593625498007968
1 0.405 0.1759628154050465 0.086 0.10756972111553785
2 0.424 0.28419654714475434 0.068 0.08233731739707835
3 0.419 0.3798140770252324 0.094 0.10889774236387782
5 0.575 0.2848605577689243 0.062 0.099601593625498
6 0.558 0.19322709163346613 0.068 0.06772908366533864
7 0.505 0.602257636122178 0.246 0.17397078353253653
8 0.508 0.47410358565737054 0.152 0.249667994687915
9 0.362 0.7058432934926959 0.084 0.12616201859229748
10 0.242 0.8220451527224436 0.096 0.15670650730411687
11 0.647 0.6865869853917662 0.11 0.15670650730411687
12 0.641 0.8618857901726428 0.166 0.13545816733067728
