0 0.268 0.16516516516516516 0.14 0.2222222222222222
1 0.132 0.6126126126126126 0.084 0.12012012012012012
2 0.135 0.45495495495495497 0.066 0.12912912912912913
3 0.151 0.2882882882882883 0.07 0.16216216216216217
4 0.306 0.3108108108108108 0.06 0.15315315315315314
5 0.383 0.34984984984984985 0.066 0.15315315315315314
6 0.477 0.21171171171171171 0.09 0.16516516516516516
7 0.292 0.5780780780780781 0.212 0.19519519519519518
8 0.226 0.3768768768768769 0.156 0.3033033033033033
9 0.113 0.6666666666666666 0.118 0.15015015015015015
10 0.143 0.9159159159159159 0.11 0.15615615615615616
11 0.405 0.7162162162162162 0.11 0.15315315315315314
12 0.56 0.8663663663663663 0.104 0.15315315315315314
