0 0.489 0.40463576158940395 0.138 0.14437086092715232
1 0.798 0.47086092715231787 0.068 0.06754966887417219
2 0.693 0.4768211920529801 0.07 0.07682119205298013
3 0.589 0.47086092715231787 0.058 0.0913907284768212
4 0.414 0.47483443708609274 0.06 0.09403973509933775
5 0.311 0.48410596026490066 0.058 0.11788079470198676
6 0.148 0.48079470198675495 0.104 0.10331125827814569
7 0.499 0.6218543046357616 0.174 0.10728476821192053
8 0.486 0.5251655629139073 0.16 0.1337748344370861
9 0.704 0.5854304635761589 0.076 0.12185430463576159
10 0.856 0.5119205298013245 0.068 0.11258278145695365
11 0.506 0.7715231788079471 0.096 0.09403973509933775
12 0.526 0.8841059602649006 0.092 0.06225165562913907
