0 0.521 0.4371468926553672 0.134 0.1115819209039548
1 0.629 0.6490112994350282 0.118 0.1172316384180791
2 0.611 0.5536723163841808 0.078 0.08192090395480225
3 0.538 0.528954802259887 0.092 0.10028248587570622
7 0.559 0.655367231638418 0.238 0.15819209039548024
8 0.595 0.5734463276836158 0.19 0.1751412429378531
9 0.39 0.7612994350282486 0.096 0.13559322033898305
10 0.239 0.884180790960452 0.13 0.15819209039548024
11 0.703 0.757768361581921 0.11 0.14548022598870056
12 0.645 0.8926553672316384 0.118 0.11581920903954802
