0 0.528 0.22658227848101264 0.092 0.1240506329113924
0 0.663 0.35822784810126584 0.082 0.1240506329113924
0 0.771 0.3518987341772152 0.094 0.10632911392405063
1 0.483 0.4582278481012658 0.054 0.07088607594936709
2 0.489 0.3670886075949367 0.046 0.060759493670886074
3 0.489 0.28607594936708863 0.054 0.08607594936708861
3 0.624 0.4139240506329114 0.056 0.07341772151898734
3 0.741 0.4012658227848101 0.05 0.07341772151898734
4 0.58 0.2848101265822785 0.052 0.07848101265822785
4 0.707 0.43037974683544306 0.038 0.05569620253164557
4 0.823 0.3759493670886076 0.046 0.09367088607594937
5 0.793 0.4569620253164557 0.058 0.053164556962025315
5 0.593 0.369620253164557 0.046 0.06582278481012659
6 0.585 0.4506329113924051 0.034 0.060759493670886074
6 0.733 0.4860759493670886 0.058 0.0759493670886076
7 0.54 0.4670886075949367 0.124 0.10886075949367088
7 0.796 0.4835443037974684 0.124 0.10126582278481013
8 0.534 0.3658227848101266 0.1 0.20506329113924052
9 0.52 0.5683544303797469 0.052 0.07848101265822785
9 0.766 0.610126582278481 0.04 0.0810126582278481
9 0.636 0.6164556962025316 0.048 0.08354430379746836
10 0.522 0.7189873417721518 0.044 0.11645569620253164
10 0.619 0.739240506329114 0.042 0.08607594936708861
10 0.751 0.720253164556962 0.05 0.09873417721518987
11 0.561 0.5873417721518988 0.054 0.08607594936708861
11 0.713 0.5594936708860759 0.042 0.07088607594936709
11 0.806 0.6113924050632912 0.048 0.09873417721518987
12 0.793 0.7556962025316456 0.042 0.10379746835443038
12 0.714 0.6455696202531646 0.052 0.0810126582278481
12 0.559 0.6974683544303798 0.038 0.11392405063291139
