0 0.336 0.16464646464646465 0.152 0.23636363636363636
1 0.393 0.6747474747474748 0.098 0.14545454545454545
3 0.218 0.3202020202020202 0.1 0.18383838383838383
4 0.428 0.3424242424242424 0.096 0.18383838383838383
5 0.438 0.5171717171717172 0.108 0.13737373737373737
8 0.332 0.42828282828282827 0.148 0.2787878787878788
9 0.317 0.5858585858585859 0.086 0.14545454545454545
10 0.4 0.8686868686868687 0.116 0.16565656565656567
11 0.596 0.7212121212121212 0.128 0.18585858585858586
12 0.868 0.8848484848484849 0.16 0.2101010101010101
