0 0.483 0.4069069069069069 0.102 0.15315315315315314
1 0.273 0.45345345345345345 0.078 0.1021021021021021
2 0.375 0.4744744744744745 0.05 0.1021021021021021
3 0.442 0.4864864864864865 0.052 0.09009009009009009
4 0.55 0.4864864864864865 0.06 0.1021021021021021
5 0.623 0.48348348348348347 0.05 0.0960960960960961
6 0.722 0.4774774774774775 0.084 0.0960960960960961
7 0.5 0.6936936936936937 0.144 0.12612612612612611
8 0.496 0.5780780780780781 0.112 0.21921921921921922
9 0.362 0.7402402402402403 0.076 0.13513513513513514
10 0.335 0.9234234234234234 0.09 0.1111111111111111
11 0.596 0.8183183183183184 0.108 0.08708708708708708
12 0.706 0.924924924924925 0.084 0.09009009009009009
