0 0.566 0.1582109479305741 0.16 0.17489986648865152
1 0.607 0.27703604806408544 0.074 0.11081441922563418
2 0.46 0.3371161548731642 0.108 0.1081441922563418
3 0.453 0.260347129506008 0.086 0.11748998664886515
5 0.656 0.3377837116154873 0.064 0.09879839786381843
7 0.533 0.4479305740987984 0.186 0.16688918558077437
9 0.492 0.6341789052069426 0.124 0.14152202937249667
10 0.537 0.8110814419225634 0.134 0.1375166889185581
11 0.73 0.514018691588785 0.112 0.19759679572763686
12 0.573 0.540720961281709 0.074 0.12283044058744993
