0 0.602 0.294 0.124 0.116
1 0.93 0.3446666666666667 0.124 0.11333333333333333
2 0.737 0.35133333333333333 0.086 0.11333333333333333
3 0.579 0.36666666666666664 0.086 0.09066666666666667
4 0.448 0.31866666666666665 0.088 0.10133333333333333
5 0.318 0.288 0.072 0.09066666666666667
7 0.321 0.4553333333333333 0.178 0.15866666666666668
8 0.445 0.404 0.25 0.16266666666666665
9 0.366 0.5973333333333334 0.148 0.13866666666666666
10 0.368 0.7706666666666667 0.176 0.13066666666666665
11 0.095 0.418 0.126 0.12666666666666668
12 0.143 0.2613333333333333 0.126 0.16266666666666665
