0 0.248828125 0.1 0.08515625 0.1388888888888889
12 0.3 0.9090277777777778 0.0609375 0.1486111111111111
11 0.321875 0.6618055555555555 0.0734375 0.10694444444444444
10 0.2078125 0.9305555555555556 0.059375 0.12777777777777777
9 0.2140625 0.7055555555555556 0.0671875 0.10833333333333334
8 0.24375 0.3423611111111111 0.0828125 0.1486111111111111
7 0.236328125 0.47847222222222224 0.11171875 0.05694444444444444
6 0.41015625 0.2902777777777778 0.059375 0.10833333333333334
5 0.3359375 0.3159722222222222 0.0421875 0.12638888888888888
4 0.29453125 0.2048611111111111 0.0296875 0.12638888888888888
3 0.172265625 0.16458333333333333 0.04765625 0.08194444444444444
2 0.13359375 0.24791666666666667 0.0421875 0.11805555555555555
1 0.223046875 0.23055555555555557 0.08203125 0.08888888888888889
