6 0.37265625 0.39305555555555555 0.075 0.09722222222222222
5 0.32890625 0.21736111111111112 0.065625 0.16527777777777777
4 0.259765625 0.2298611111111111 0.07265625 0.1763888888888889
1 0.12265625 0.4013888888888889 0.0390625 0.11944444444444445
0 0.180078125 0.16458333333333333 0.05390625 0.18194444444444444
12 0.348046875 0.9201388888888888 0.04765625 0.09305555555555556
11 0.318359375 0.7104166666666667 0.06953125 0.07916666666666666
10 0.202734375 0.9298611111111111 0.06484375 0.10138888888888889
9 0.215234375 0.71875 0.07421875 0.09861111111111111
8 0.22890625 0.3951388888888889 0.0953125 0.1597222222222222
7 0.26015625 0.5194444444444445 0.103125 0.044444444444444446
