12 0.278515625 0.9256944444444445 0.06171875 0.09027777777777778
11 0.268359375 0.7145833333333333 0.05703125 0.07916666666666666
10 0.183984375 0.9375 0.05390625 0.1111111111111111
9 0.184765625 0.7173611111111111 0.07578125 0.0875
8 0.219140625 0.3375 0.10859375 0.24722222222222223
7 0.216796875 0.4666666666666667 0.09921875 0.06388888888888888
6 0.306640625 0.5541666666666667 0.03828125 0.125
5 0.309765625 0.3798611111111111 0.05234375 0.07083333333333333
4 0.289453125 0.23055555555555557 0.05546875 0.12777777777777777
3 0.1578125 0.18055555555555555 0.065625 0.13333333333333333
2 0.093359375 0.24444444444444444 0.06015625 0.1
1 0.101171875 0.4013888888888889 0.06171875 0.12777777777777777
0 0.232421875 0.11944444444444445 0.05859375 0.1527777777777778
