4 0.247265625 0.20555555555555555 0.06171875 0.14444444444444443
3 0.124609375 0.23958333333333334 0.06171875 0.09861111111111111
2 0.08203125 0.30277777777777776 0.0546875 0.08333333333333333
1 0.0921875 0.45069444444444445 0.0625 0.12083333333333333
0 0.165625 0.13055555555555556 0.075 0.14722222222222223
12 0.2671875 0.9006944444444445 0.059375 0.1736111111111111
11 0.26640625 0.6909722222222222 0.075 0.0875
10 0.161328125 0.9354166666666667 0.09296875 0.09027777777777778
9 0.184765625 0.7152777777777778 0.06796875 0.09444444444444444
8 0.2 0.38263888888888886 0.1109375 0.17916666666666667
7 0.21171875 0.5034722222222222 0.0859375 0.04027777777777778
5 0.3140625 0.24097222222222223 0.05625 0.14583333333333334
