5 0.3234375 0.3215277777777778 0.0515625 0.09583333333333334
4 0.287109375 0.2 0.07421875 0.1111111111111111
3 0.15703125 0.27291666666666664 0.0609375 0.0875
1 0.104296875 0.5138888888888888 0.04765625 0.09722222222222222
0 0.2109375 0.13055555555555556 0.059375 0.14722222222222223
11 0.319140625 0.7152777777777778 0.07109375 0.08055555555555556
12 0.33359375 0.9201388888888888 0.0859375 0.12083333333333333
10 0.204296875 0.9173611111111111 0.05703125 0.11527777777777778
9 0.220703125 0.7125 0.07421875 0.08611111111111111
7 0.23359375 0.49444444444444446 0.0859375 0.05
