2 0.06796875 0.2673611111111111 0.0484375 0.11527777777777778
1 0.0796875 0.43125 0.05625 0.1125
0 0.166015625 0.14375 0.07265625 0.1597222222222222
12 0.276953125 0.93125 0.04765625 0.12083333333333333
11 0.26875 0.7270833333333333 0.0640625 0.0763888888888889
10 0.160546875 0.9381944444444444 0.09140625 0.07083333333333333
9 0.18515625 0.7326388888888888 0.0609375 0.08472222222222223
8 0.19375 0.3736111111111111 0.1015625 0.16666666666666666
7 0.220703125 0.5118055555555555 0.08515625 0.05138888888888889
5 0.302734375 0.2263888888888889 0.06015625 0.1361111111111111
4 0.241015625 0.21875 0.05703125 0.14305555555555555
3 0.108984375 0.21944444444444444 0.05234375 0.15555555555555556
