0 0.256640625 0.11597222222222223 0.06796875 0.1486111111111111
1 0.10703125 0.4263888888888889 0.0671875 0.14166666666666666
2 0.090234375 0.22916666666666666 0.06171875 0.10277777777777777
3 0.16796875 0.20277777777777778 0.0515625 0.16666666666666666
4 0.302734375 0.22708333333333333 0.04765625 0.13472222222222222
5 0.3171875 0.33819444444444446 0.053125 0.05416666666666667
6 0.303515625 0.49027777777777776 0.04140625 0.14166666666666666
7 0.2265625 0.47638888888888886 0.0984375 0.06111111111111111
8 0.228515625 0.34097222222222223 0.10390625 0.25416666666666665
9 0.187890625 0.7097222222222223 0.06171875 0.07777777777777778
10 0.18359375 0.9340277777777778 0.0609375 0.12083333333333333
11 0.26640625 0.7125 0.065625 0.1
12 0.28203125 0.9319444444444445 0.06875 0.1111111111111111
